1 865 7.67224182906245e-06 
1 159 1.53444836581249e-05 
1 106 7.67224182906245e-06 
1 97 7.67224182906245e-06 
1 81 7.67224182906245e-06 
1 20 7.67224182906245e-06 
1 16 3.83612091453123e-05 
1 7 2.30167254871874e-05 
1 4 2.30167254871874e-05 
1 39 7.67224182906245e-06 
1 1 3.06889673162498e-05 
1 128 7.67224182906245e-06 
1 14 7.67224182906245e-06 
1 9 1.53444836581249e-05 
1 6 1.53444836581249e-05 
1 55 7.67224182906245e-06 
1 53 7.67224182906245e-06 
1 22 2.30167254871874e-05 
1 21 7.67224182906245e-06 
1 13 2.30167254871874e-05 
1 101 7.67224182906245e-06 
1 10 3.06889673162498e-05 
1 100 7.67224182906245e-06 
1 66 2.30167254871874e-05 
1 11 1.53444836581249e-05 
1 3 6.13779346324996e-05 
1 8 2.30167254871874e-05 
1 5 4.60334509743747e-05 
1 321 7.67224182906245e-06 
1 2 1.53444836581249e-05 
1 26 1.53444836581249e-05 
2 502 7.67224182906245e-06 
2 125 7.67224182906245e-06 
2 115 1.53444836581249e-05 
2 101 7.67224182906245e-06 
2 69 1.53444836581249e-05 
2 45 3.06889673162498e-05 
2 43 7.67224182906245e-06 
2 37 7.67224182906245e-06 
2 25 3.83612091453123e-05 
2 10 1.53444836581249e-05 
2 17 7.67224182906245e-06 
2 5 4.60334509743747e-05 
2 321 7.67224182906245e-06 
2 90 7.67224182906245e-06 
2 81 1.53444836581249e-05 
2 26 7.67224182906245e-06 
2 232 7.67224182906245e-06 
2 105 7.67224182906245e-06 
2 100 3.06889673162498e-05 
2 66 1.53444836581249e-05 
2 23 2.30167254871874e-05 
2 14 6.13779346324996e-05 
2 24 2.30167254871874e-05 
2 7 1.53444836581249e-05 
2 19 2.30167254871874e-05 
2 16 3.83612091453123e-05 
2 21 7.67224182906245e-06 
2 4 3.83612091453123e-05 
2 55 7.67224182906245e-06 
2 6 1.53444836581249e-05 
2 381 7.67224182906245e-06 
2 238 7.67224182906245e-06 
2 159 2.30167254871874e-05 
2 77 1.53444836581249e-05 
2 34 1.53444836581249e-05 
2 30 2.30167254871874e-05 
2 20 2.30167254871874e-05 
2 15 1.53444836581249e-05 
2 13 3.06889673162498e-05 
2 8 2.30167254871874e-05 
2 2 3.06889673162498e-05 
2 72 7.67224182906245e-06 
2 11 2.30167254871874e-05 
2 128 7.67224182906245e-06 
2 89 1.53444836581249e-05 
2 18 3.06889673162498e-05 
2 97 7.67224182906245e-06 
2 50 7.67224182906245e-06 
2 3 5.37056928034372e-05 
2 62 7.67224182906245e-06 
2 36 7.67224182906245e-06 
2 1 1.53444836581249e-05 
2 65 7.67224182906245e-06 
2 9 2.30167254871874e-05 
2 47 7.67224182906245e-06 
2 40 7.67224182906245e-06 
2 31 1.53444836581249e-05 
2 22 3.06889673162498e-05 
2 12 3.06889673162498e-05 
3 865 7.67224182906245e-06 
3 502 7.67224182906245e-06 
3 200 7.67224182906245e-06 
3 69 2.30167254871874e-05 
3 24 7.67224182906245e-06 
3 23 4.60334509743747e-05 
3 14 4.60334509743747e-05 
3 7 3.06889673162498e-05 
3 16 3.06889673162498e-05 
3 4 5.37056928034372e-05 
3 6 6.90501764615621e-05 
3 315 7.67224182906245e-06 
3 100 2.30167254871874e-05 
3 97 1.53444836581249e-05 
3 26 3.83612091453123e-05 
3 5 3.06889673162498e-05 
3 93 7.67224182906245e-06 
3 77 1.53444836581249e-05 
3 1 6.13779346324996e-05 
3 102 1.53444836581249e-05 
3 51 1.53444836581249e-05 
3 214 3.06889673162498e-05 
3 167 7.67224182906245e-06 
3 40 7.67224182906245e-06 
3 31 2.30167254871874e-05 
3 12 2.30167254871874e-05 
3 85 1.53444836581249e-05 
3 15 1.53444836581249e-05 
3 302 1.53444836581249e-05 
3 89 7.67224182906245e-06 
3 87 7.67224182906245e-06 
3 62 7.67224182906245e-06 
3 11 7.67224182906245e-06 
3 27 7.67224182906245e-06 
3 76 1.53444836581249e-05 
3 39 7.67224182906245e-06 
3 710 7.67224182906245e-06 
3 677 7.67224182906245e-06 
3 595 7.67224182906245e-06 
3 78 7.67224182906245e-06 
3 65 7.67224182906245e-06 
3 80 7.67224182906245e-06 
3 49 7.67224182906245e-06 
3 47 1.53444836581249e-05 
3 30 1.53444836581249e-05 
3 22 2.30167254871874e-05 
3 21 2.30167254871874e-05 
3 19 2.30167254871874e-05 
3 25 3.06889673162498e-05 
3 10 2.30167254871874e-05 
3 125 7.67224182906245e-06 
3 101 7.67224182906245e-06 
3 43 7.67224182906245e-06 
3 17 2.30167254871874e-05 
3 321 1.53444836581249e-05 
3 115 1.53444836581249e-05 
3 81 3.06889673162498e-05 
3 66 7.67224182906245e-06 
3 68 2.30167254871874e-05 
3 34 1.53444836581249e-05 
3 20 3.06889673162498e-05 
3 18 4.60334509743747e-05 
3 9 6.13779346324996e-05 
3 58 7.67224182906245e-06 
3 13 3.06889673162498e-05 
3 8 4.60334509743747e-05 
3 238 7.67224182906245e-06 
3 2 5.37056928034372e-05 
3 36 1.53444836581249e-05 
3 3 1.53444836581249e-05 
4 1203 7.67224182906245e-06 
4 595 7.67224182906245e-06 
4 246 7.67224182906245e-06 
4 164 7.67224182906245e-06 
4 146 7.67224182906245e-06 
4 65 7.67224182906245e-06 
4 47 2.30167254871874e-05 
4 74 1.53444836581249e-05 
4 13 3.06889673162498e-05 
4 9 8.4394660119687e-05 
4 115 3.06889673162498e-05 
4 22 3.83612091453123e-05 
4 17 1.53444836581249e-05 
4 3 5.37056928034372e-05 
4 36 7.67224182906245e-06 
4 8 8.4394660119687e-05 
4 238 7.67224182906245e-06 
4 2 3.83612091453123e-05 
4 159 1.53444836581249e-05 
4 18 3.06889673162498e-05 
4 429 7.67224182906245e-06 
4 321 2.30167254871874e-05 
4 232 2.30167254871874e-05 
4 101 3.06889673162498e-05 
4 88 7.67224182906245e-06 
4 85 7.67224182906245e-06 
4 81 2.30167254871874e-05 
4 27 3.06889673162498e-05 
4 30 3.83612091453123e-05 
4 21 6.90501764615621e-05 
4 15 3.83612091453123e-05 
4 10 0.000115083627435937 
4 43 2.30167254871874e-05 
4 25 2.30167254871874e-05 
4 302 7.67224182906245e-06 
4 19 2.30167254871874e-05 
4 76 7.67224182906245e-06 
4 39 1.53444836581249e-05 
4 473 7.67224182906245e-06 
4 167 7.67224182906245e-06 
4 227 1.53444836581249e-05 
4 106 3.06889673162498e-05 
4 104 1.53444836581249e-05 
4 94 7.67224182906245e-06 
4 11 7.67224182906245e-05 
4 89 7.67224182906245e-06 
4 87 7.67224182906245e-06 
4 97 7.67224182906245e-06 
4 216 7.67224182906245e-06 
4 128 7.67224182906245e-06 
4 90 7.67224182906245e-06 
4 69 7.67224182906245e-06 
4 38 7.67224182906245e-06 
4 37 7.67224182906245e-06 
4 31 1.53444836581249e-05 
4 1 2.30167254871874e-05 
4 53 3.83612091453123e-05 
4 12 3.83612091453123e-05 
4 400 7.67224182906245e-06 
4 202 7.67224182906245e-06 
4 200 7.67224182906245e-06 
4 26 7.67224182906245e-06 
4 7 1.53444836581249e-05 
4 5 5.37056928034372e-05 
4 24 1.53444836581249e-05 
4 16 4.60334509743747e-05 
4 4 9.20669019487494e-05 
4 129 2.30167254871874e-05 
4 14 4.60334509743747e-05 
4 111 7.67224182906245e-06 
4 57 7.67224182906245e-06 
4 29 7.67224182906245e-06 
4 28 1.53444836581249e-05 
4 23 5.37056928034372e-05 
4 6 7.67224182906245e-05 
5 710 1.53444836581249e-05 
5 595 7.67224182906245e-06 
5 238 1.53444836581249e-05 
5 164 7.67224182906245e-06 
5 65 1.53444836581249e-05 
5 47 7.67224182906245e-06 
5 74 2.30167254871874e-05 
5 49 7.67224182906245e-06 
5 22 3.83612091453123e-05 
5 9 0.000115083627435937 
5 20 0.000107411385606874 
5 18 3.06889673162498e-05 
5 72 7.67224182906245e-06 
5 68 7.67224182906245e-06 
5 36 7.67224182906245e-06 
5 3 3.06889673162498e-05 
5 8 0.000161117078410311 
5 2 4.60334509743747e-05 
5 677 7.67224182906245e-06 
5 277 7.67224182906245e-06 
5 197 7.67224182906245e-06 
5 156 7.67224182906245e-06 
5 13 3.06889673162498e-05 
5 58 1.53444836581249e-05 
5 321 2.30167254871874e-05 
5 302 1.53444836581249e-05 
5 232 7.67224182906245e-06 
5 212 7.67224182906245e-06 
5 21 3.06889673162498e-05 
5 105 7.67224182906245e-06 
5 39 3.06889673162498e-05 
5 81 7.67224182906245e-06 
5 76 7.67224182906245e-06 
5 44 7.67224182906245e-06 
5 32 7.67224182906245e-06 
5 19 2.30167254871874e-05 
5 157 1.53444836581249e-05 
5 125 1.53444836581249e-05 
5 115 1.53444836581249e-05 
5 17 4.60334509743747e-05 
5 123 7.67224182906245e-06 
5 45 1.53444836581249e-05 
5 101 3.06889673162498e-05 
5 31 2.30167254871874e-05 
5 25 6.90501764615621e-05 
5 10 6.90501764615621e-05 
5 473 7.67224182906245e-06 
5 470 7.67224182906245e-06 
5 102 1.53444836581249e-05 
5 91 7.67224182906245e-06 
5 12 7.67224182906245e-05 
5 97 2.30167254871874e-05 
5 77 7.67224182906245e-06 
5 145 7.67224182906245e-06 
5 93 7.67224182906245e-06 
5 87 1.53444836581249e-05 
5 50 1.53444836581249e-05 
5 38 7.67224182906245e-06 
5 1 4.60334509743747e-05 
5 11 9.97391437778119e-05 
5 89 2.30167254871874e-05 
5 46 7.67224182906245e-06 
5 214 1.53444836581249e-05 
5 167 7.67224182906245e-06 
5 227 7.67224182906245e-06 
5 85 7.67224182906245e-06 
5 51 7.67224182906245e-06 
5 15 7.67224182906245e-05 
5 206 1.53444836581249e-05 
5 106 7.67224182906245e-06 
5 400 7.67224182906245e-06 
5 6 0.000130428111094062 
5 29 7.67224182906245e-06 
5 24 1.53444836581249e-05 
5 16 5.37056928034372e-05 
5 7 6.13779346324996e-05 
5 310 7.67224182906245e-06 
5 202 7.67224182906245e-06 
5 200 1.53444836581249e-05 
5 4 5.37056928034372e-05 
5 23 5.37056928034372e-05 
5 14 3.83612091453123e-05 
5 216 1.53444836581249e-05 
5 129 2.30167254871874e-05 
5 100 7.67224182906245e-06 
5 28 7.67224182906245e-06 
5 60 7.67224182906245e-06 
5 5 6.13779346324996e-05 
5 69 3.06889673162498e-05 
5 53 1.53444836581249e-05 
5 37 3.06889673162498e-05 
5 26 2.30167254871874e-05 
6 1065 7.67224182906245e-06 
6 865 7.67224182906245e-06 
6 750 3.06889673162498e-05 
6 449 7.67224182906245e-06 
6 357 7.67224182906245e-06 
6 283 7.67224182906245e-06 
6 236 1.53444836581249e-05 
6 102 3.83612091453123e-05 
6 93 2.30167254871874e-05 
6 40 2.30167254871874e-05 
6 31 2.30167254871874e-05 
6 12 0.000115083627435937 
6 1 1.53444836581249e-05 
6 128 7.67224182906245e-06 
6 97 1.53444836581249e-05 
6 50 2.30167254871874e-05 
6 89 7.67224182906245e-06 
6 62 2.30167254871874e-05 
6 46 7.67224182906245e-06 
6 11 9.20669019487494e-05 
6 227 7.67224182906245e-06 
6 214 7.67224182906245e-06 
6 61 7.67224182906245e-06 
6 167 7.67224182906245e-06 
6 59 7.67224182906245e-06 
6 94 7.67224182906245e-06 
6 51 7.67224182906245e-06 
6 400 1.53444836581249e-05 
6 206 7.67224182906245e-06 
6 121 7.67224182906245e-06 
6 111 3.06889673162498e-05 
6 106 1.53444836581249e-05 
6 85 2.30167254871874e-05 
6 15 7.67224182906245e-05 
6 6 0.000107411385606874 
6 626 7.67224182906245e-06 
6 216 7.67224182906245e-06 
6 202 3.83612091453123e-05 
6 195 7.67224182906245e-06 
6 150 7.67224182906245e-06 
6 200 7.67224182906245e-06 
6 4 7.67224182906245e-05 
6 35 3.06889673162498e-05 
6 24 5.37056928034372e-05 
6 16 6.90501764615621e-05 
6 7 0.000130428111094062 
6 129 1.53444836581249e-05 
6 23 6.13779346324996e-05 
6 14 0.000107411385606874 
6 100 7.67224182906245e-06 
6 108 7.67224182906245e-06 
6 33 7.67224182906245e-06 
6 26 1.53444836581249e-05 
6 300 7.67224182906245e-06 
6 138 7.67224182906245e-06 
6 502 7.67224182906245e-06 
6 90 1.53444836581249e-05 
6 60 1.53444836581249e-05 
6 5 0.000130428111094062 
6 269 7.67224182906245e-06 
6 181 1.53444836581249e-05 
6 164 7.67224182906245e-06 
6 69 7.67224182906245e-06 
6 56 1.53444836581249e-05 
6 53 1.53444836581249e-05 
6 52 1.53444836581249e-05 
6 37 3.83612091453123e-05 
6 72 7.67224182906245e-06 
6 211 7.67224182906245e-06 
6 151 7.67224182906245e-06 
6 375 7.67224182906245e-06 
6 47 7.67224182906245e-06 
6 65 7.67224182906245e-06 
6 22 2.30167254871874e-05 
6 159 7.67224182906245e-06 
6 74 7.67224182906245e-06 
6 20 3.83612091453123e-05 
6 9 0.000153444836581249 
6 335 7.67224182906245e-06 
6 292 7.67224182906245e-06 
6 34 1.53444836581249e-05 
6 18 6.13779346324996e-05 
6 279 1.53444836581249e-05 
6 36 2.30167254871874e-05 
6 246 7.67224182906245e-06 
6 3 6.90501764615621e-05 
6 2 1.53444836581249e-05 
6 238 4.60334509743747e-05 
6 8 0.000130428111094062 
6 710 1.53444836581249e-05 
6 13 0.000168789320239374 
6 170 1.53444836581249e-05 
6 30 3.83612091453123e-05 
6 677 7.67224182906245e-06 
6 196 7.67224182906245e-06 
6 429 7.67224182906245e-06 
6 55 1.53444836581249e-05 
6 232 7.67224182906245e-06 
6 149 7.67224182906245e-06 
6 105 1.53444836581249e-05 
6 21 4.60334509743747e-05 
6 76 7.67224182906245e-06 
6 39 2.30167254871874e-05 
6 44 2.30167254871874e-05 
6 19 6.90501764615621e-05 
6 67 7.67224182906245e-06 
6 42 7.67224182906245e-06 
6 27 7.67224182906245e-06 
6 499 7.67224182906245e-06 
6 66 1.53444836581249e-05 
6 321 7.67224182906245e-06 
6 217 1.53444836581249e-05 
6 370 7.67224182906245e-06 
6 185 7.67224182906245e-06 
6 123 7.67224182906245e-06 
6 101 2.30167254871874e-05 
6 81 2.30167254871874e-05 
6 119 7.67224182906245e-06 
6 32 7.67224182906245e-06 
6 157 7.67224182906245e-06 
6 17 6.13779346324996e-05 
6 125 7.67224182906245e-06 
6 115 7.67224182906245e-06 
6 43 2.30167254871874e-05 
6 25 4.60334509743747e-05 
6 45 7.67224182906245e-06 
6 10 0.000138100352923124 
7 1203 7.67224182906245e-06 
7 804 1.53444836581249e-05 
7 750 2.30167254871874e-05 
7 710 1.53444836581249e-05 
7 595 7.67224182906245e-06 
7 381 2.30167254871874e-05 
7 164 7.67224182906245e-06 
7 159 7.67224182906245e-06 
7 154 7.67224182906245e-06 
7 99 7.67224182906245e-06 
7 68 2.30167254871874e-05 
7 34 7.67224182906245e-06 
7 20 5.37056928034372e-05 
7 18 9.97391437778119e-05 
7 78 1.53444836581249e-05 
7 22 3.06889673162498e-05 
7 9 0.000161117078410311 
7 74 7.67224182906245e-06 
7 65 3.06889673162498e-05 
7 425 7.67224182906245e-06 
7 170 2.30167254871874e-05 
7 152 7.67224182906245e-06 
7 80 1.53444836581249e-05 
7 41 7.67224182906245e-06 
7 13 0.000107411385606874 
7 58 1.53444836581249e-05 
7 48 1.53444836581249e-05 
7 72 1.53444836581249e-05 
7 246 3.06889673162498e-05 
7 3 3.06889673162498e-05 
7 8 0.000153444836581249 
7 2 1.53444836581249e-05 
7 590 7.67224182906245e-06 
7 302 1.53444836581249e-05 
7 238 7.67224182906245e-06 
7 42 7.67224182906245e-06 
7 105 7.67224182906245e-06 
7 44 7.67224182906245e-06 
7 39 2.30167254871874e-05 
7 19 6.90501764615621e-05 
7 212 1.53444836581249e-05 
7 196 3.06889673162498e-05 
7 143 7.67224182906245e-06 
7 149 7.67224182906245e-06 
7 76 7.67224182906245e-06 
7 30 3.06889673162498e-05 
7 27 2.30167254871874e-05 
7 21 4.60334509743747e-05 
7 232 7.67224182906245e-06 
7 125 4.60334509743747e-05 
7 55 2.30167254871874e-05 
7 157 1.53444836581249e-05 
7 17 5.37056928034372e-05 
7 10 0.000168789320239374 
7 161 7.67224182906245e-06 
7 101 1.53444836581249e-05 
7 43 1.53444836581249e-05 
7 66 3.06889673162498e-05 
7 25 5.37056928034372e-05 
7 32 7.67224182906245e-06 
7 825 1.53444836581249e-05 
7 321 1.53444836581249e-05 
7 172 7.67224182906245e-06 
7 81 2.30167254871874e-05 
7 77 7.67224182906245e-06 
7 50 2.30167254871874e-05 
7 97 1.53444836581249e-05 
7 38 1.53444836581249e-05 
7 93 7.67224182906245e-06 
7 54 7.67224182906245e-06 
7 31 2.30167254871874e-05 
7 1 2.30167254871874e-05 
7 788 1.53444836581249e-05 
7 12 7.67224182906245e-05 
7 396 7.67224182906245e-06 
7 102 2.30167254871874e-05 
7 281 7.67224182906245e-06 
7 206 7.67224182906245e-06 
7 106 1.53444836581249e-05 
7 87 7.67224182906245e-06 
7 51 7.67224182906245e-06 
7 40 1.53444836581249e-05 
7 15 9.97391437778119e-05 
7 11 0.000138100352923124 
7 227 7.67224182906245e-06 
7 214 1.53444836581249e-05 
7 132 7.67224182906245e-06 
7 89 3.06889673162498e-05 
7 46 1.53444836581249e-05 
7 16 8.4394660119687e-05 
7 626 7.67224182906245e-06 
7 400 7.67224182906245e-06 
7 216 7.67224182906245e-06 
7 202 7.67224182906245e-06 
7 200 7.67224182906245e-06 
7 24 7.67224182906245e-05 
7 7 9.20669019487494e-05 
7 129 2.30167254871874e-05 
7 4 1.53444836581249e-05 
7 23 6.13779346324996e-05 
7 14 0.000107411385606874 
7 150 1.53444836581249e-05 
7 111 7.67224182906245e-06 
7 57 1.53444836581249e-05 
7 53 2.30167254871874e-05 
7 29 1.53444836581249e-05 
7 28 3.83612091453123e-05 
7 6 0.000130428111094062 
7 181 7.67224182906245e-06 
7 158 7.67224182906245e-06 
7 79 7.67224182906245e-06 
7 52 7.67224182906245e-06 
7 69 3.06889673162498e-05 
7 37 1.53444836581249e-05 
7 33 7.67224182906245e-06 
7 95 1.53444836581249e-05 
7 60 7.67224182906245e-06 
7 90 7.67224182906245e-06 
7 5 6.13779346324996e-05 
7 26 3.06889673162498e-05 
8 1065 1.53444836581249e-05 
8 928 7.67224182906245e-06 
8 710 1.53444836581249e-05 
8 626 7.67224182906245e-06 
8 595 1.53444836581249e-05 
8 473 1.53444836581249e-05 
8 435 7.67224182906245e-06 
8 263 7.67224182906245e-06 
8 227 7.67224182906245e-06 
8 59 7.67224182906245e-06 
8 206 4.60334509743747e-05 
8 89 7.67224182906245e-06 
8 281 7.67224182906245e-06 
8 70 7.67224182906245e-06 
8 94 7.67224182906245e-06 
8 51 2.30167254871874e-05 
8 283 1.53444836581249e-05 
8 97 2.30167254871874e-05 
8 93 7.67224182906245e-06 
8 77 3.06889673162498e-05 
8 54 2.30167254871874e-05 
8 40 2.30167254871874e-05 
8 12 0.000122755869264999 
8 1 2.30167254871874e-05 
8 138 2.30167254871874e-05 
8 98 1.53444836581249e-05 
8 26 2.30167254871874e-05 
8 181 1.53444836581249e-05 
8 53 7.67224182906245e-06 
8 434 7.67224182906245e-06 
8 400 7.67224182906245e-06 
8 111 2.30167254871874e-05 
8 56 7.67224182906245e-06 
8 310 7.67224182906245e-06 
8 129 7.67224182906245e-06 
8 35 1.53444836581249e-05 
8 23 9.20669019487494e-05 
8 14 0.000115083627435937 
8 16 0.000168789320239374 
8 7 0.000153444836581249 
8 4 8.4394660119687e-05 
8 116 7.67224182906245e-06 
8 238 5.37056928034372e-05 
8 36 7.67224182906245e-06 
8 246 7.67224182906245e-06 
8 170 7.67224182906245e-06 
8 74 7.67224182906245e-06 
8 58 2.30167254871874e-05 
8 41 7.67224182906245e-06 
8 78 7.67224182906245e-06 
8 22 6.90501764615621e-05 
8 357 7.67224182906245e-06 
8 68 3.06889673162498e-05 
8 113 7.67224182906245e-06 
8 34 7.67224182906245e-06 
8 677 1.53444836581249e-05 
8 499 7.67224182906245e-06 
8 321 7.67224182906245e-06 
8 217 7.67224182906245e-06 
8 81 7.67224182906245e-06 
8 370 7.67224182906245e-06 
8 45 3.83612091453123e-05 
8 273 2.30167254871874e-05 
8 43 7.67224182906245e-06 
8 25 4.60334509743747e-05 
8 17 9.97391437778119e-05 
8 143 7.67224182906245e-06 
8 125 3.06889673162498e-05 
8 30 3.83612091453123e-05 
8 27 2.30167254871874e-05 
8 76 7.67224182906245e-06 
8 67 1.53444836581249e-05 
8 804 7.67224182906245e-06 
8 750 7.67224182906245e-06 
8 576 7.67224182906245e-06 
8 502 7.67224182906245e-06 
8 396 7.67224182906245e-06 
8 315 1.53444836581249e-05 
8 236 1.53444836581249e-05 
8 214 7.67224182906245e-06 
8 201 7.67224182906245e-06 
8 103 7.67224182906245e-06 
8 31 2.30167254871874e-05 
8 11 0.000130428111094062 
8 118 7.67224182906245e-06 
8 46 2.30167254871874e-05 
8 85 7.67224182906245e-06 
8 15 0.000122755869264999 
8 83 7.67224182906245e-06 
8 50 3.83612091453123e-05 
8 38 3.83612091453123e-05 
8 5 0.000161117078410311 
8 375 7.67224182906245e-06 
8 347 1.53444836581249e-05 
8 323 7.67224182906245e-06 
8 269 7.67224182906245e-06 
8 202 7.67224182906245e-06 
8 109 7.67224182906245e-06 
8 33 1.53444836581249e-05 
8 52 1.53444836581249e-05 
8 37 1.53444836581249e-05 
8 69 2.30167254871874e-05 
8 29 2.30167254871874e-05 
8 6 0.000130428111094062 
8 195 7.67224182906245e-06 
8 28 3.06889673162498e-05 
8 24 5.37056928034372e-05 
8 8 0.000184133803897499 
8 72 1.53444836581249e-05 
8 2 2.30167254871874e-05 
8 429 1.53444836581249e-05 
8 232 7.67224182906245e-06 
8 212 7.67224182906245e-06 
8 159 3.06889673162498e-05 
8 42 2.30167254871874e-05 
8 39 3.83612091453123e-05 
8 32 3.06889673162498e-05 
8 66 3.06889673162498e-05 
8 10 0.000184133803897499 
8 115 1.53444836581249e-05 
8 101 7.67224182906245e-06 
8 55 1.53444836581249e-05 
8 21 9.97391437778119e-05 
8 19 6.90501764615621e-05 
8 3 4.60334509743747e-05 
8 197 7.67224182906245e-06 
8 80 7.67224182906245e-06 
8 152 7.67224182906245e-06 
8 48 7.67224182906245e-06 
8 146 7.67224182906245e-06 
8 13 0.000138100352923124 
8 49 7.67224182906245e-06 
8 9 0.000122755869264999 
8 343 7.67224182906245e-06 
8 164 7.67224182906245e-06 
8 65 3.06889673162498e-05 
8 47 1.53444836581249e-05 
8 160 1.53444836581249e-05 
8 154 7.67224182906245e-06 
8 20 6.90501764615621e-05 
8 18 9.20669019487494e-05 
9 1203 7.67224182906245e-06 
9 1065 1.53444836581249e-05 
9 788 7.67224182906245e-06 
9 750 7.67224182906245e-06 
9 576 2.30167254871874e-05 
9 555 1.53444836581249e-05 
9 544 7.67224182906245e-06 
9 429 7.67224182906245e-06 
9 149 7.67224182906245e-06 
9 42 7.67224182906245e-06 
9 21 0.000115083627435937 
9 120 7.67224182906245e-06 
9 19 6.90501764615621e-05 
9 39 1.53444836581249e-05 
9 66 3.06889673162498e-05 
9 32 2.30167254871874e-05 
9 276 7.67224182906245e-06 
9 115 7.67224182906245e-06 
9 10 0.000191806045726561 
9 228 7.67224182906245e-06 
9 101 7.67224182906245e-06 
9 49 8.4394660119687e-05 
9 9 0.000168789320239374 
9 343 7.67224182906245e-06 
9 292 1.53444836581249e-05 
9 159 1.53444836581249e-05 
9 154 1.53444836581249e-05 
9 65 7.67224182906245e-06 
9 20 9.97391437778119e-05 
9 18 6.13779346324996e-05 
9 72 1.53444836581249e-05 
9 3 6.13779346324996e-05 
9 279 7.67224182906245e-06 
9 8 0.000122755869264999 
9 274 7.67224182906245e-06 
9 2 2.30167254871874e-05 
9 152 1.53444836581249e-05 
9 146 7.67224182906245e-06 
9 13 0.000153444836581249 
9 6 0.000153444836581249 
9 300 7.67224182906245e-06 
9 202 1.53444836581249e-05 
9 109 1.53444836581249e-05 
9 29 1.53444836581249e-05 
9 24 9.20669019487494e-05 
9 28 3.06889673162498e-05 
9 502 3.06889673162498e-05 
9 60 7.67224182906245e-06 
9 33 2.30167254871874e-05 
9 5 0.000115083627435937 
9 103 1.53444836581249e-05 
9 52 2.30167254871874e-05 
9 269 7.67224182906245e-06 
9 69 2.30167254871874e-05 
9 37 2.30167254871874e-05 
9 31 7.67224182906245e-06 
9 470 1.53444836581249e-05 
9 83 1.53444836581249e-05 
9 75 7.67224182906245e-06 
9 50 1.53444836581249e-05 
9 449 7.67224182906245e-06 
9 38 1.53444836581249e-05 
9 118 7.67224182906245e-06 
9 87 1.53444836581249e-05 
9 62 2.30167254871874e-05 
9 11 0.000253183980359061 
9 257 7.67224182906245e-06 
9 214 1.53444836581249e-05 
9 196 7.67224182906245e-06 
9 137 7.67224182906245e-06 
9 106 7.67224182906245e-06 
9 46 1.53444836581249e-05 
9 30 6.13779346324996e-05 
9 15 0.000115083627435937 
9 302 1.53444836581249e-05 
9 67 1.53444836581249e-05 
9 76 7.67224182906245e-06 
9 63 1.53444836581249e-05 
9 27 3.06889673162498e-05 
9 557 7.67224182906245e-06 
9 499 7.67224182906245e-06 
9 161 1.53444836581249e-05 
9 81 1.53444836581249e-05 
9 125 3.06889673162498e-05 
9 119 7.67224182906245e-06 
9 17 0.000138100352923124 
9 123 7.67224182906245e-06 
9 45 3.06889673162498e-05 
9 43 7.67224182906245e-06 
9 25 6.13779346324996e-05 
9 710 7.67224182906245e-06 
9 381 2.30167254871874e-05 
9 357 1.53444836581249e-05 
9 74 1.53444836581249e-05 
9 22 3.83612091453123e-05 
9 78 7.67224182906245e-06 
9 34 3.83612091453123e-05 
9 237 7.67224182906245e-06 
9 113 7.67224182906245e-06 
9 99 7.67224182906245e-06 
9 68 1.53444836581249e-05 
9 246 3.83612091453123e-05 
9 238 1.53444836581249e-05 
9 36 1.53444836581249e-05 
9 434 7.67224182906245e-06 
9 170 1.53444836581249e-05 
9 400 7.67224182906245e-06 
9 111 7.67224182906245e-06 
9 865 7.67224182906245e-06 
9 473 1.53444836581249e-05 
9 358 7.67224182906245e-06 
9 205 7.67224182906245e-06 
9 200 7.67224182906245e-06 
9 167 1.53444836581249e-05 
9 129 1.53444836581249e-05 
9 128 7.67224182906245e-06 
9 102 1.53444836581249e-05 
9 89 3.06889673162498e-05 
9 16 0.000115083627435937 
9 12 0.000184133803897499 
9 97 1.53444836581249e-05 
9 40 4.60334509743747e-05 
9 93 3.06889673162498e-05 
9 54 1.53444836581249e-05 
9 7 0.000161117078410311 
9 4 8.4394660119687e-05 
9 177 1.53444836581249e-05 
9 14 0.000199478287555624 
9 35 1.53444836581249e-05 
9 23 0.000138100352923124 
9 225 1.53444836581249e-05 
9 138 7.67224182906245e-06 
9 100 7.67224182906245e-06 
9 90 7.67224182906245e-06 
9 26 3.06889673162498e-05 
9 79 1.53444836581249e-05 
9 56 7.67224182906245e-06 
9 53 3.06889673162498e-05 
9 1 1.53444836581249e-05 
9 59 7.67224182906245e-06 
9 206 2.30167254871874e-05 
9 61 7.67224182906245e-06 
9 51 7.67224182906245e-06 
10 1203 7.67224182906245e-06 
10 928 1.53444836581249e-05 
10 499 1.53444836581249e-05 
10 357 2.30167254871874e-05 
10 273 2.30167254871874e-05 
10 254 7.67224182906245e-06 
10 246 3.06889673162498e-05 
10 74 2.30167254871874e-05 
10 36 1.53444836581249e-05 
10 238 4.60334509743747e-05 
10 170 2.30167254871874e-05 
10 58 1.53444836581249e-05 
10 41 2.30167254871874e-05 
10 34 3.06889673162498e-05 
10 22 7.67224182906245e-05 
10 237 2.30167254871874e-05 
10 125 3.06889673162498e-05 
10 99 7.67224182906245e-06 
10 68 7.67224182906245e-06 
10 131 7.67224182906245e-06 
10 81 5.37056928034372e-05 
10 17 0.000122755869264999 
10 1065 3.06889673162498e-05 
10 370 7.67224182906245e-06 
10 304 7.67224182906245e-06 
10 165 1.53444836581249e-05 
10 119 7.67224182906245e-06 
10 45 4.60334509743747e-05 
10 25 9.20669019487494e-05 
10 196 7.67224182906245e-06 
10 143 7.67224182906245e-06 
10 43 1.53444836581249e-05 
10 30 7.67224182906245e-05 
10 105 1.53444836581249e-05 
10 67 7.67224182906245e-06 
10 224 7.67224182906245e-06 
10 76 7.67224182906245e-06 
10 44 3.83612091453123e-05 
10 63 1.53444836581249e-05 
10 27 3.83612091453123e-05 
10 473 7.67224182906245e-06 
10 145 7.67224182906245e-06 
10 107 7.67224182906245e-06 
10 86 2.30167254871874e-05 
10 626 7.67224182906245e-06 
10 605 1.53444836581249e-05 
10 283 2.30167254871874e-05 
10 244 7.67224182906245e-06 
10 227 7.67224182906245e-06 
10 172 7.67224182906245e-06 
10 89 2.30167254871874e-05 
10 61 7.67224182906245e-06 
10 59 7.67224182906245e-06 
10 94 1.53444836581249e-05 
10 51 7.67224182906245e-06 
10 206 2.30167254871874e-05 
10 104 7.67224182906245e-06 
10 40 3.06889673162498e-05 
10 12 0.000245511738529998 
10 97 3.06889673162498e-05 
10 77 7.67224182906245e-06 
10 1 3.06889673162498e-05 
10 93 2.30167254871874e-05 
10 54 2.30167254871874e-05 
10 108 7.67224182906245e-06 
10 98 7.67224182906245e-06 
10 100 7.67224182906245e-06 
10 95 1.53444836581249e-05 
10 148 7.67224182906245e-06 
10 90 7.67224182906245e-06 
10 26 5.37056928034372e-05 
10 138 1.53444836581249e-05 
10 225 7.67224182906245e-06 
10 53 4.60334509743747e-05 
10 79 7.67224182906245e-06 
10 56 7.67224182906245e-06 
10 434 7.67224182906245e-06 
10 57 1.53444836581249e-05 
10 400 7.67224182906245e-06 
10 111 7.67224182906245e-06 
10 16 0.000199478287555624 
10 7 0.000168789320239374 
10 177 7.67224182906245e-06 
10 23 0.000161117078410311 
10 14 0.000230167254871874 
10 4 0.000115083627435937 
10 1013 7.67224182906245e-06 
10 358 7.67224182906245e-06 
10 129 3.83612091453123e-05 
10 35 1.53444836581249e-05 
10 750 2.30167254871874e-05 
10 72 1.53444836581249e-05 
10 279 2.30167254871874e-05 
10 3 2.30167254871874e-05 
10 8 0.000184133803897499 
10 2 1.53444836581249e-05 
10 146 1.53444836581249e-05 
10 13 0.000214822771213749 
10 465 7.67224182906245e-06 
10 80 1.53444836581249e-05 
10 152 2.30167254871874e-05 
10 48 7.67224182906245e-06 
10 49 3.06889673162498e-05 
10 47 7.67224182906245e-06 
10 154 1.53444836581249e-05 
10 65 7.67224182906245e-06 
10 20 0.000153444836581249 
10 9 0.000191806045726561 
10 804 3.06889673162498e-05 
10 590 7.67224182906245e-06 
10 555 7.67224182906245e-06 
10 343 7.67224182906245e-06 
10 292 1.53444836581249e-05 
10 159 2.30167254871874e-05 
10 18 0.000138100352923124 
10 66 3.06889673162498e-05 
10 32 7.67224182906245e-06 
10 276 7.67224182906245e-06 
10 115 7.67224182906245e-06 
10 429 2.30167254871874e-05 
10 232 7.67224182906245e-06 
10 212 7.67224182906245e-06 
10 149 7.67224182906245e-06 
10 101 7.67224182906245e-06 
10 42 3.83612091453123e-05 
10 21 0.000107411385606874 
10 10 0.000260856222188123 
10 55 3.06889673162498e-05 
10 825 7.67224182906245e-06 
10 788 7.67224182906245e-06 
10 544 1.53444836581249e-05 
10 214 7.67224182906245e-06 
10 71 7.67224182906245e-06 
10 46 7.67224182906245e-06 
10 39 4.60334509743747e-05 
10 19 0.000107411385606874 
10 62 3.06889673162498e-05 
10 11 0.000245511738529998 
10 15 0.000168789320239374 
10 103 7.67224182906245e-06 
10 31 6.13779346324996e-05 
10 486 7.67224182906245e-06 
10 450 2.30167254871874e-05 
10 396 7.67224182906245e-06 
10 235 1.53444836581249e-05 
10 83 2.30167254871874e-05 
10 201 7.67224182906245e-06 
10 50 1.53444836581249e-05 
10 337 7.67224182906245e-06 
10 38 1.53444836581249e-05 
10 502 2.30167254871874e-05 
10 320 7.67224182906245e-06 
10 33 5.37056928034372e-05 
10 5 6.90501764615621e-05 
10 60 7.67224182906245e-06 
10 52 3.06889673162498e-05 
10 269 2.30167254871874e-05 
10 69 2.30167254871874e-05 
10 37 3.83612091453123e-05 
10 6 0.000138100352923124 
10 202 3.83612091453123e-05 
10 186 7.67224182906245e-06 
10 121 7.67224182906245e-06 
10 29 1.53444836581249e-05 
10 73 7.67224182906245e-06 
10 24 9.97391437778119e-05 
10 195 7.67224182906245e-06 
10 28 6.90501764615621e-05 
10 109 3.83612091453123e-05 
11 1203 1.53444836581249e-05 
11 1065 6.13779346324996e-05 
11 825 7.67224182906245e-06 
11 804 7.67224182906245e-06 
11 576 2.30167254871874e-05 
11 502 3.06889673162498e-05 
11 232 2.30167254871874e-05 
11 158 7.67224182906245e-06 
11 127 1.53444836581249e-05 
11 121 1.53444836581249e-05 
11 19 9.97391437778119e-05 
11 42 7.67224182906245e-06 
11 39 2.30167254871874e-05 
11 590 1.53444836581249e-05 
11 555 1.53444836581249e-05 
11 88 7.67224182906245e-06 
11 55 5.37056928034372e-05 
11 21 9.20669019487494e-05 
11 10 0.000245511738529998 
11 343 1.53444836581249e-05 
11 292 1.53444836581249e-05 
11 276 2.30167254871874e-05 
11 115 7.67224182906245e-06 
11 64 7.67224182906245e-06 
11 32 7.67224182906245e-06 
11 159 7.67224182906245e-06 
11 18 0.000184133803897499 
11 154 7.67224182906245e-06 
11 20 9.20669019487494e-05 
11 750 7.67224182906245e-06 
11 279 1.53444836581249e-05 
11 152 7.67224182906245e-06 
11 80 3.06889673162498e-05 
11 65 1.53444836581249e-05 
11 9 0.000253183980359061 
11 49 1.53444836581249e-05 
11 47 1.53444836581249e-05 
11 146 1.53444836581249e-05 
11 13 0.000268528464017186 
11 8 0.000130428111094062 
11 2 2.30167254871874e-05 
11 72 1.53444836581249e-05 
11 3 7.67224182906245e-06 
11 109 7.67224182906245e-06 
11 28 3.83612091453123e-05 
11 202 4.60334509743747e-05 
11 195 1.53444836581249e-05 
11 29 2.30167254871874e-05 
11 24 6.13779346324996e-05 
11 6 9.20669019487494e-05 
11 52 3.06889673162498e-05 
11 37 4.60334509743747e-05 
11 5 9.97391437778119e-05 
11 60 2.30167254871874e-05 
11 320 7.67224182906245e-06 
11 33 7.67224182906245e-05 
11 470 3.83612091453123e-05 
11 449 7.67224182906245e-06 
11 83 6.13779346324996e-05 
11 38 2.30167254871874e-05 
11 337 7.67224182906245e-06 
11 50 4.60334509743747e-05 
11 396 7.67224182906245e-06 
11 235 7.67224182906245e-06 
11 103 2.30167254871874e-05 
11 31 7.67224182906245e-05 
11 224 7.67224182906245e-06 
11 210 7.67224182906245e-06 
11 117 7.67224182906245e-06 
11 87 2.30167254871874e-05 
11 15 0.000230167254871874 
11 85 2.30167254871874e-05 
11 46 3.83612091453123e-05 
11 62 1.53444836581249e-05 
11 11 0.000276200705846248 
11 677 7.67224182906245e-06 
11 580 7.67224182906245e-06 
11 302 2.30167254871874e-05 
11 143 7.67224182906245e-06 
11 105 7.67224182906245e-06 
11 76 1.53444836581249e-05 
11 63 7.67224182906245e-06 
11 44 2.30167254871874e-05 
11 27 8.4394660119687e-05 
11 30 6.90501764615621e-05 
11 655 2.30167254871874e-05 
11 273 2.30167254871874e-05 
11 552 7.67224182906245e-06 
11 125 3.83612091453123e-05 
11 81 3.83612091453123e-05 
11 43 7.67224182906245e-06 
11 45 2.30167254871874e-05 
11 25 9.97391437778119e-05 
11 370 7.67224182906245e-06 
11 157 7.67224182906245e-06 
11 17 0.000122755869264999 
11 365 7.67224182906245e-06 
11 321 7.67224182906245e-06 
11 217 2.30167254871874e-05 
11 161 1.53444836581249e-05 
11 68 1.53444836581249e-05 
11 99 2.30167254871874e-05 
11 280 7.67224182906245e-06 
11 124 7.67224182906245e-06 
11 78 7.67224182906245e-06 
11 34 4.60334509743747e-05 
11 1013 7.67224182906245e-06 
11 928 2.30167254871874e-05 
11 435 7.67224182906245e-06 
11 358 2.30167254871874e-05 
11 357 2.30167254871874e-05 
11 246 4.60334509743747e-05 
11 238 4.60334509743747e-05 
11 151 7.67224182906245e-06 
11 74 2.30167254871874e-05 
11 36 2.30167254871874e-05 
11 35 2.30167254871874e-05 
11 177 1.53444836581249e-05 
11 129 1.53444836581249e-05 
11 22 8.4394660119687e-05 
11 58 1.53444836581249e-05 
11 41 3.06889673162498e-05 
11 710 2.30167254871874e-05 
11 386 7.67224182906245e-06 
11 170 1.53444836581249e-05 
11 153 7.67224182906245e-06 
11 955 7.67224182906245e-06 
11 626 7.67224182906245e-06 
11 434 7.67224182906245e-06 
11 400 1.53444836581249e-05 
11 310 2.30167254871874e-05 
11 200 1.53444836581249e-05 
11 23 0.000107411385606874 
11 14 0.000214822771213749 
11 7 0.000138100352923124 
11 4 7.67224182906245e-05 
11 150 7.67224182906245e-06 
11 16 0.000184133803897499 
11 79 1.53444836581249e-05 
11 57 3.06889673162498e-05 
11 225 7.67224182906245e-06 
11 56 7.67224182906245e-06 
11 138 1.53444836581249e-05 
11 53 4.60334509743747e-05 
11 26 3.83612091453123e-05 
11 605 1.53444836581249e-05 
11 258 7.67224182906245e-06 
11 108 7.67224182906245e-06 
11 98 7.67224182906245e-06 
11 283 1.53444836581249e-05 
11 102 2.30167254871874e-05 
11 166 7.67224182906245e-06 
11 93 1.53444836581249e-05 
11 54 1.53444836581249e-05 
11 1 1.53444836581249e-05 
11 97 1.53444836581249e-05 
11 40 1.53444836581249e-05 
11 12 0.000161117078410311 
11 865 2.30167254871874e-05 
11 484 7.67224182906245e-06 
11 206 7.67224182906245e-06 
11 104 7.67224182906245e-06 
11 94 1.53444836581249e-05 
11 227 2.30167254871874e-05 
11 61 1.53444836581249e-05 
11 167 1.53444836581249e-05 
11 89 7.67224182906245e-06 
11 59 3.06889673162498e-05 
12 1203 2.30167254871874e-05 
12 1065 5.37056928034372e-05 
12 825 1.53444836581249e-05 
12 804 1.53444836581249e-05 
12 788 1.53444836581249e-05 
12 576 7.67224182906245e-06 
12 544 2.30167254871874e-05 
12 396 1.53444836581249e-05 
12 275 7.67224182906245e-06 
12 235 7.67224182906245e-06 
12 230 7.67224182906245e-06 
12 202 4.60334509743747e-05 
12 55 3.06889673162498e-05 
12 39 3.06889673162498e-05 
12 21 5.37056928034372e-05 
12 120 7.67224182906245e-06 
12 19 6.13779346324996e-05 
12 42 3.83612091453123e-05 
12 219 7.67224182906245e-06 
12 127 7.67224182906245e-06 
12 66 7.67224182906245e-06 
12 64 7.67224182906245e-06 
12 590 3.06889673162498e-05 
12 555 1.53444836581249e-05 
12 276 3.06889673162498e-05 
12 115 2.30167254871874e-05 
12 261 7.67224182906245e-06 
12 101 7.67224182906245e-06 
12 164 7.67224182906245e-06 
12 10 0.000245511738529998 
12 65 7.67224182906245e-06 
12 47 2.30167254871874e-05 
12 750 3.06889673162498e-05 
12 425 7.67224182906245e-06 
12 343 3.06889673162498e-05 
12 292 1.53444836581249e-05 
12 279 1.53444836581249e-05 
12 187 7.67224182906245e-06 
12 159 7.67224182906245e-06 
12 49 7.67224182906245e-06 
12 20 0.000107411385606874 
12 9 0.000184133803897499 
12 18 3.83612091453123e-05 
12 3 2.30167254871874e-05 
12 323 7.67224182906245e-06 
12 2 3.06889673162498e-05 
12 156 7.67224182906245e-06 
12 8 0.000122755869264999 
12 146 1.53444836581249e-05 
12 13 0.000161117078410311 
12 152 1.53444836581249e-05 
12 80 3.06889673162498e-05 
12 48 1.53444836581249e-05 
12 6 0.000115083627435937 
12 29 3.06889673162498e-05 
12 162 7.67224182906245e-06 
12 24 9.20669019487494e-05 
12 28 4.60334509743747e-05 
12 195 1.53444836581249e-05 
12 33 6.13779346324996e-05 
12 502 2.30167254871874e-05 
12 60 1.53444836581249e-05 
12 83 7.67224182906245e-06 
12 69 2.30167254871874e-05 
12 37 4.60334509743747e-05 
12 5 7.67224182906245e-05 
12 103 7.67224182906245e-06 
12 122 7.67224182906245e-06 
12 31 2.30167254871874e-05 
12 470 1.53444836581249e-05 
12 450 1.53444836581249e-05 
12 50 4.60334509743747e-05 
12 38 1.53444836581249e-05 
12 178 7.67224182906245e-06 
12 96 1.53444836581249e-05 
12 62 3.83612091453123e-05 
12 87 7.67224182906245e-06 
12 11 0.000161117078410311 
12 677 7.67224182906245e-06 
12 214 1.53444836581249e-05 
12 76 7.67224182906245e-06 
12 15 0.000153444836581249 
12 196 7.67224182906245e-06 
12 30 6.13779346324996e-05 
12 302 7.67224182906245e-06 
12 67 1.53444836581249e-05 
12 63 7.67224182906245e-06 
12 44 3.06889673162498e-05 
12 557 7.67224182906245e-06 
12 372 7.67224182906245e-06 
12 224 7.67224182906245e-06 
12 27 2.30167254871874e-05 
12 131 7.67224182906245e-06 
12 82 7.67224182906245e-06 
12 217 1.53444836581249e-05 
12 161 7.67224182906245e-06 
12 81 7.67224182906245e-06 
12 119 7.67224182906245e-06 
12 928 2.30167254871874e-05 
12 437 7.67224182906245e-06 
12 370 7.67224182906245e-06 
12 304 1.53444836581249e-05 
12 45 4.60334509743747e-05 
12 17 0.000107411385606874 
12 273 2.30167254871874e-05 
12 125 7.67224182906245e-06 
12 43 2.30167254871874e-05 
12 25 7.67224182906245e-05 
12 710 2.30167254871874e-05 
12 595 7.67224182906245e-06 
12 357 2.30167254871874e-05 
12 78 1.53444836581249e-05 
12 22 5.37056928034372e-05 
12 74 1.53444836581249e-05 
12 34 1.53444836581249e-05 
12 365 7.67224182906245e-06 
12 191 7.67224182906245e-06 
12 99 2.30167254871874e-05 
12 68 1.53444836581249e-05 
12 238 3.06889673162498e-05 
12 36 1.53444836581249e-05 
12 58 2.30167254871874e-05 
12 277 1.53444836581249e-05 
12 41 3.83612091453123e-05 
12 469 7.67224182906245e-06 
12 57 2.30167254871874e-05 
12 400 7.67224182906245e-06 
12 111 1.53444836581249e-05 
12 150 7.67224182906245e-06 
12 4 3.83612091453123e-05 
12 1013 1.53444836581249e-05 
12 310 7.67224182906245e-06 
12 177 7.67224182906245e-06 
12 16 0.000138100352923124 
12 35 7.67224182906245e-06 
12 7 7.67224182906245e-05 
12 626 2.30167254871874e-05 
12 358 1.53444836581249e-05 
12 95 1.53444836581249e-05 
12 23 0.000107411385606874 
12 14 0.000153444836581249 
12 26 0.000130428111094062 
12 225 1.53444836581249e-05 
12 138 7.67224182906245e-06 
12 90 2.30167254871874e-05 
12 79 1.53444836581249e-05 
12 56 7.67224182906245e-06 
12 53 2.30167254871874e-05 
12 181 7.67224182906245e-06 
12 166 1.53444836581249e-05 
12 102 7.67224182906245e-06 
12 12 0.000138100352923124 
12 955 1.53444836581249e-05 
12 40 6.13779346324996e-05 
12 283 2.30167254871874e-05 
12 251 1.53444836581249e-05 
12 93 1.53444836581249e-05 
12 54 1.53444836581249e-05 
12 244 1.53444836581249e-05 
12 172 7.67224182906245e-06 
12 97 3.06889673162498e-05 
12 77 7.67224182906245e-06 
12 263 7.67224182906245e-06 
12 145 7.67224182906245e-06 
12 89 2.30167254871874e-05 
12 86 7.67224182906245e-06 
12 227 7.67224182906245e-06 
12 61 1.53444836581249e-05 
12 206 2.30167254871874e-05 
12 94 2.30167254871874e-05 
12 51 2.30167254871874e-05 
13 1203 4.60334509743747e-05 
13 1013 1.53444836581249e-05 
13 955 1.53444836581249e-05 
13 825 7.67224182906245e-06 
13 470 3.83612091453123e-05 
13 450 2.30167254871874e-05 
13 396 1.53444836581249e-05 
13 315 7.67224182906245e-06 
13 235 2.30167254871874e-05 
13 214 1.53444836581249e-05 
13 118 7.67224182906245e-06 
13 137 1.53444836581249e-05 
13 87 7.67224182906245e-06 
13 85 1.53444836581249e-05 
13 11 0.000268528464017186 
13 62 7.67224182906245e-06 
13 46 3.06889673162498e-05 
13 210 7.67224182906245e-06 
13 106 1.53444836581249e-05 
13 103 1.53444836581249e-05 
13 15 0.000253183980359061 
13 83 9.97391437778119e-05 
13 31 6.13779346324996e-05 
13 50 7.67224182906245e-06 
13 236 1.53444836581249e-05 
13 75 7.67224182906245e-06 
13 38 2.30167254871874e-05 
13 576 7.67224182906245e-06 
13 216 7.67224182906245e-06 
13 750 1.53444836581249e-05 
13 502 2.30167254871874e-05 
13 202 3.06889673162498e-05 
13 195 7.67224182906245e-06 
13 162 7.67224182906245e-06 
13 33 3.83612091453123e-05 
13 60 7.67224182906245e-06 
13 5 3.06889673162498e-05 
13 158 7.67224182906245e-06 
13 37 3.06889673162498e-05 
13 347 1.53444836581249e-05 
13 69 7.67224182906245e-06 
13 29 3.06889673162498e-05 
13 6 0.000168789320239374 
13 73 1.53444836581249e-05 
13 24 8.4394660119687e-05 
13 28 4.60334509743747e-05 
13 72 2.30167254871874e-05 
13 425 7.67224182906245e-06 
13 279 1.53444836581249e-05 
13 8 0.000138100352923124 
13 3 3.06889673162498e-05 
13 375 7.67224182906245e-06 
13 2 3.06889673162498e-05 
13 804 3.06889673162498e-05 
13 590 2.30167254871874e-05 
13 343 3.06889673162498e-05 
13 274 7.67224182906245e-06 
13 159 2.30167254871874e-05 
13 146 1.53444836581249e-05 
13 218 7.67224182906245e-06 
13 13 0.000245511738529998 
13 197 7.67224182906245e-06 
13 80 7.67224182906245e-06 
13 152 2.30167254871874e-05 
13 47 3.83612091453123e-05 
13 154 7.67224182906245e-06 
13 65 1.53444836581249e-05 
13 49 3.83612091453123e-05 
13 20 9.20669019487494e-05 
13 9 0.000153444836581249 
13 18 0.000168789320239374 
13 66 1.53444836581249e-05 
13 32 7.67224182906245e-06 
13 276 3.06889673162498e-05 
