1 440 1.38885030971362e-05 
1 59 1.38885030971362e-05 
1 37 1.38885030971362e-05 
1 13 2.77770061942724e-05 
1 119 1.38885030971362e-05 
1 88 1.38885030971362e-05 
1 56 1.38885030971362e-05 
1 7 0.000124996527874226 
1 19 2.77770061942724e-05 
1 8 2.77770061942724e-05 
1 299 1.38885030971362e-05 
1 105 1.38885030971362e-05 
1 109 1.38885030971362e-05 
1 94 1.38885030971362e-05 
1 22 1.38885030971362e-05 
1 14 2.77770061942724e-05 
1 1 2.77770061942724e-05 
1 51 8.33310185828171e-05 
1 6 8.33310185828171e-05 
1 21 1.38885030971362e-05 
1 420 1.38885030971362e-05 
1 131 1.38885030971362e-05 
1 97 2.77770061942724e-05 
1 32 1.38885030971362e-05 
1 11 6.9442515485681e-05 
1 2 5.55540123885448e-05 
1 24 1.38885030971362e-05 
1 9 1.38885030971362e-05 
1 4 6.9442515485681e-05 
1 3 9.72195216799533e-05 
1 66 1.38885030971362e-05 
1 28 1.38885030971362e-05 
1 26 2.77770061942724e-05 
1 5 9.72195216799533e-05 
1 36 1.38885030971362e-05 
1 33 1.38885030971362e-05 
1 45 2.77770061942724e-05 
1 34 1.38885030971362e-05 
1 15 5.55540123885448e-05 
1 10 8.33310185828171e-05 
2 494 2.77770061942724e-05 
2 440 1.38885030971362e-05 
2 118 1.38885030971362e-05 
2 88 1.38885030971362e-05 
2 51 6.9442515485681e-05 
2 84 1.38885030971362e-05 
2 47 1.38885030971362e-05 
2 43 2.77770061942724e-05 
2 17 5.55540123885448e-05 
2 37 5.55540123885448e-05 
2 27 6.9442515485681e-05 
2 20 8.33310185828171e-05 
2 6 0.000208327546457043 
2 1 5.55540123885448e-05 
2 12 0.00018055054026277 
2 105 2.77770061942724e-05 
2 41 1.38885030971362e-05 
2 11 0.000138885030971362 
2 150 1.38885030971362e-05 
2 109 1.38885030971362e-05 
2 95 1.38885030971362e-05 
2 71 1.38885030971362e-05 
2 21 1.38885030971362e-05 
2 40 1.38885030971362e-05 
2 18 6.9442515485681e-05 
2 9 0.00018055054026277 
2 3 0.000124996527874226 
2 23 2.77770061942724e-05 
2 66 5.55540123885448e-05 
2 26 2.77770061942724e-05 
2 45 9.72195216799533e-05 
2 15 0.000222216049554179 
2 42 2.77770061942724e-05 
2 39 1.38885030971362e-05 
2 184 1.38885030971362e-05 
2 59 2.77770061942724e-05 
2 49 1.38885030971362e-05 
2 22 9.72195216799533e-05 
2 13 0.000152773534068498 
2 8 0.000152773534068498 
2 119 8.33310185828171e-05 
2 70 1.38885030971362e-05 
2 30 8.33310185828171e-05 
2 19 2.77770061942724e-05 
2 122 2.77770061942724e-05 
2 93 6.9442515485681e-05 
2 55 1.38885030971362e-05 
2 7 0.000194439043359907 
2 64 1.38885030971362e-05 
2 14 8.33310185828171e-05 
2 32 4.16655092914086e-05 
2 16 6.9442515485681e-05 
2 131 1.38885030971362e-05 
2 106 2.77770061942724e-05 
2 65 2.77770061942724e-05 
2 28 1.38885030971362e-05 
2 25 1.38885030971362e-05 
2 75 1.38885030971362e-05 
2 2 0.00011110802477709 
2 5 0.000222216049554179 
2 97 1.38885030971362e-05 
2 24 2.77770061942724e-05 
2 10 0.000152773534068498 
2 4 0.000208327546457043 
2 36 1.38885030971362e-05 
2 33 6.9442515485681e-05 
2 34 4.16655092914086e-05 
2 31 6.9442515485681e-05 
3 900 1.38885030971362e-05 
3 704 1.38885030971362e-05 
3 306 1.38885030971362e-05 
3 299 1.38885030971362e-05 
3 267 1.38885030971362e-05 
3 128 1.38885030971362e-05 
3 105 6.9442515485681e-05 
3 118 1.38885030971362e-05 
3 66 2.77770061942724e-05 
3 42 5.55540123885448e-05 
3 26 2.77770061942724e-05 
3 29 4.16655092914086e-05 
3 23 2.77770061942724e-05 
3 109 1.38885030971362e-05 
3 84 1.38885030971362e-05 
3 21 5.55540123885448e-05 
3 15 0.000124996527874226 
3 173 1.38885030971362e-05 
3 40 1.38885030971362e-05 
3 38 2.77770061942724e-05 
3 18 1.38885030971362e-05 
3 11 0.000166662037165634 
3 9 0.00011110802477709 
3 3 0.00011110802477709 
3 1 9.72195216799533e-05 
3 27 2.77770061942724e-05 
3 20 2.77770061942724e-05 
3 6 0.000194439043359907 
3 51 2.77770061942724e-05 
3 41 2.77770061942724e-05 
3 12 8.33310185828171e-05 
3 43 1.38885030971362e-05 
3 37 2.77770061942724e-05 
3 88 2.77770061942724e-05 
3 56 1.38885030971362e-05 
3 33 1.38885030971362e-05 
3 17 4.16655092914086e-05 
3 75 1.38885030971362e-05 
3 36 4.16655092914086e-05 
3 10 0.000249993055748451 
3 34 2.77770061942724e-05 
3 31 4.16655092914086e-05 
3 106 4.16655092914086e-05 
3 25 1.38885030971362e-05 
3 16 0.00011110802477709 
3 2 0.000124996527874226 
3 138 1.38885030971362e-05 
3 32 9.72195216799533e-05 
3 62 2.77770061942724e-05 
3 53 1.38885030971362e-05 
3 112 1.38885030971362e-05 
3 97 1.38885030971362e-05 
3 24 8.33310185828171e-05 
3 4 0.000236104552651315 
3 211 1.38885030971362e-05 
3 5 0.000263881558845588 
3 93 1.38885030971362e-05 
3 14 0.000124996527874226 
3 122 2.77770061942724e-05 
3 46 1.38885030971362e-05 
3 64 6.9442515485681e-05 
3 13 1.38885030971362e-05 
3 59 2.77770061942724e-05 
3 48 1.38885030971362e-05 
3 119 5.55540123885448e-05 
3 55 1.38885030971362e-05 
3 30 2.77770061942724e-05 
3 7 0.000208327546457043 
3 98 2.77770061942724e-05 
3 22 4.16655092914086e-05 
3 19 4.16655092914086e-05 
3 8 0.000166662037165634 
4 725 1.38885030971362e-05 
4 420 1.38885030971362e-05 
4 416 2.77770061942724e-05 
4 210 4.16655092914086e-05 
4 184 1.38885030971362e-05 
4 145 2.77770061942724e-05 
4 119 1.38885030971362e-05 
4 112 2.77770061942724e-05 
4 97 4.16655092914086e-05 
4 65 4.16655092914086e-05 
4 53 2.77770061942724e-05 
4 24 9.72195216799533e-05 
4 44 1.38885030971362e-05 
4 5 0.000263881558845588 
4 4 0.000166662037165634 
4 75 4.16655092914086e-05 
4 54 1.38885030971362e-05 
4 52 2.77770061942724e-05 
4 34 8.33310185828171e-05 
4 32 2.77770061942724e-05 
4 31 1.38885030971362e-05 
4 16 0.000138885030971362 
4 25 1.38885030971362e-05 
4 2 0.000208327546457043 
4 10 0.000152773534068498 
4 36 1.38885030971362e-05 
4 33 5.55540123885448e-05 
4 70 2.77770061942724e-05 
4 69 1.38885030971362e-05 
4 30 6.9442515485681e-05 
4 19 0.00011110802477709 
4 7 0.000208327546457043 
4 59 5.55540123885448e-05 
4 55 2.77770061942724e-05 
4 22 0.00011110802477709 
4 8 0.000305547068136996 
4 93 6.9442515485681e-05 
4 122 6.9442515485681e-05 
4 49 4.16655092914086e-05 
4 48 1.38885030971362e-05 
4 13 0.000166662037165634 
4 146 1.38885030971362e-05 
4 64 1.38885030971362e-05 
4 14 8.33310185828171e-05 
4 267 1.38885030971362e-05 
4 169 1.38885030971362e-05 
4 88 2.77770061942724e-05 
4 57 1.38885030971362e-05 
4 56 2.77770061942724e-05 
4 43 1.38885030971362e-05 
4 29 4.16655092914086e-05 
4 17 0.00011110802477709 
4 73 1.38885030971362e-05 
4 68 1.38885030971362e-05 
4 47 2.77770061942724e-05 
4 37 1.38885030971362e-05 
4 63 1.38885030971362e-05 
4 41 2.77770061942724e-05 
4 173 1.38885030971362e-05 
4 128 2.77770061942724e-05 
4 105 4.16655092914086e-05 
4 51 4.16655092914086e-05 
4 27 1.38885030971362e-05 
4 12 0.00018055054026277 
4 20 2.77770061942724e-05 
4 9 0.000208327546457043 
4 3 0.000236104552651315 
4 40 2.77770061942724e-05 
4 38 1.38885030971362e-05 
4 109 6.9442515485681e-05 
4 18 0.000138885030971362 
4 21 4.16655092914086e-05 
4 11 0.000277770061942724 
4 95 1.38885030971362e-05 
4 71 1.38885030971362e-05 
4 150 5.55540123885448e-05 
4 120 1.38885030971362e-05 
4 85 1.38885030971362e-05 
4 66 5.55540123885448e-05 
4 45 1.38885030971362e-05 
4 42 0.00011110802477709 
4 39 1.38885030971362e-05 
4 15 0.000124996527874226 
4 26 4.16655092914086e-05 
4 23 5.55540123885448e-05 
4 1 6.9442515485681e-05 
4 6 0.00029165856503986 
5 900 1.38885030971362e-05 
5 420 4.16655092914086e-05 
5 416 2.77770061942724e-05 
5 380 1.38885030971362e-05 
5 226 1.38885030971362e-05 
5 122 4.16655092914086e-05 
5 94 1.38885030971362e-05 
5 64 5.55540123885448e-05 
5 93 1.38885030971362e-05 
5 14 0.000166662037165634 
5 46 1.38885030971362e-05 
5 8 0.000416655092914086 
5 184 2.77770061942724e-05 
5 22 9.72195216799533e-05 
5 70 1.38885030971362e-05 
5 30 6.9442515485681e-05 
5 126 1.38885030971362e-05 
5 19 2.77770061942724e-05 
5 82 2.77770061942724e-05 
5 119 1.38885030971362e-05 
5 7 0.00029165856503986 
5 49 2.77770061942724e-05 
5 210 1.38885030971362e-05 
5 92 1.38885030971362e-05 
5 48 1.38885030971362e-05 
5 13 0.000194439043359907 
5 59 4.16655092914086e-05 
5 52 2.77770061942724e-05 
5 170 2.77770061942724e-05 
5 106 1.38885030971362e-05 
5 75 2.77770061942724e-05 
5 65 2.77770061942724e-05 
5 62 5.55540123885448e-05 
5 36 6.9442515485681e-05 
5 34 1.38885030971362e-05 
5 33 8.33310185828171e-05 
5 31 4.16655092914086e-05 
5 28 4.16655092914086e-05 
5 10 0.000166662037165634 
5 339 1.38885030971362e-05 
5 131 1.38885030971362e-05 
5 112 1.38885030971362e-05 
5 5 0.000333324074331269 
5 4 0.000263881558845588 
5 53 1.38885030971362e-05 
5 32 0.000138885030971362 
5 118 2.77770061942724e-05 
5 105 5.55540123885448e-05 
5 24 1.38885030971362e-05 
5 16 0.000124996527874226 
5 25 2.77770061942724e-05 
5 2 0.000222216049554179 
5 735 1.38885030971362e-05 
5 299 1.38885030971362e-05 
5 195 1.38885030971362e-05 
5 176 1.38885030971362e-05 
5 87 1.38885030971362e-05 
5 51 4.16655092914086e-05 
5 41 2.77770061942724e-05 
5 12 0.000305547068136996 
5 173 2.77770061942724e-05 
5 20 5.55540123885448e-05 
5 6 0.000263881558845588 
5 1 9.72195216799533e-05 
5 128 1.38885030971362e-05 
5 27 8.33310185828171e-05 
5 704 1.38885030971362e-05 
5 267 1.38885030971362e-05 
5 123 1.38885030971362e-05 
5 37 1.38885030971362e-05 
5 43 1.38885030971362e-05 
5 17 0.000124996527874226 
5 254 1.38885030971362e-05 
5 73 1.38885030971362e-05 
5 56 1.38885030971362e-05 
5 47 1.38885030971362e-05 
5 15 0.000152773534068498 
5 45 4.16655092914086e-05 
5 306 1.38885030971362e-05 
5 150 1.38885030971362e-05 
5 77 1.38885030971362e-05 
5 42 6.9442515485681e-05 
5 39 1.38885030971362e-05 
5 85 1.38885030971362e-05 
5 23 5.55540123885448e-05 
5 29 4.16655092914086e-05 
5 172 1.38885030971362e-05 
5 66 1.38885030971362e-05 
5 38 1.38885030971362e-05 
5 26 1.38885030971362e-05 
5 202 1.38885030971362e-05 
5 144 1.38885030971362e-05 
5 95 2.77770061942724e-05 
5 57 1.38885030971362e-05 
5 50 1.38885030971362e-05 
5 40 1.38885030971362e-05 
5 18 6.9442515485681e-05 
5 3 0.000263881558845588 
5 9 0.000249993055748451 
5 11 0.000208327546457043 
5 109 6.9442515485681e-05 
5 21 1.38885030971362e-05 
6 900 2.77770061942724e-05 
6 725 1.38885030971362e-05 
6 420 1.38885030971362e-05 
6 226 1.38885030971362e-05 
6 131 2.77770061942724e-05 
6 119 2.77770061942724e-05 
6 70 2.77770061942724e-05 
6 30 8.33310185828171e-05 
6 19 0.000124996527874226 
6 7 0.000416655092914086 
6 98 1.38885030971362e-05 
6 22 0.000124996527874226 
6 210 2.77770061942724e-05 
6 59 2.77770061942724e-05 
6 13 0.000249993055748451 
6 8 0.000499986111496903 
6 64 1.38885030971362e-05 
6 49 4.16655092914086e-05 
6 93 2.77770061942724e-05 
6 122 5.55540123885448e-05 
6 14 0.000124996527874226 
6 145 4.16655092914086e-05 
6 94 1.38885030971362e-05 
6 62 1.38885030971362e-05 
6 24 9.72195216799533e-05 
6 339 1.38885030971362e-05 
6 228 1.38885030971362e-05 
6 142 1.38885030971362e-05 
6 53 1.38885030971362e-05 
6 112 1.38885030971362e-05 
6 5 0.000263881558845588 
6 28 4.16655092914086e-05 
6 4 0.00029165856503986 
6 54 2.77770061942724e-05 
6 170 1.38885030971362e-05 
6 32 9.72195216799533e-05 
6 138 2.77770061942724e-05 
6 16 9.72195216799533e-05 
6 106 1.38885030971362e-05 
6 25 6.9442515485681e-05 
6 31 2.77770061942724e-05 
6 2 0.000208327546457043 
6 704 1.38885030971362e-05 
6 632 1.38885030971362e-05 
6 56 4.16655092914086e-05 
6 34 0.00011110802477709 
6 372 1.38885030971362e-05 
6 52 9.72195216799533e-05 
6 36 8.33310185828171e-05 
6 10 0.000305547068136996 
6 33 6.9442515485681e-05 
6 17 0.00011110802477709 
6 43 4.16655092914086e-05 
6 37 8.33310185828171e-05 
6 735 1.38885030971362e-05 
6 440 2.77770061942724e-05 
6 73 1.38885030971362e-05 
6 72 1.38885030971362e-05 
6 123 1.38885030971362e-05 
6 47 4.16655092914086e-05 
6 68 1.38885030971362e-05 
6 63 2.77770061942724e-05 
6 118 5.55540123885448e-05 
6 108 1.38885030971362e-05 
6 41 5.55540123885448e-05 
6 12 0.000166662037165634 
6 105 5.55540123885448e-05 
6 27 2.77770061942724e-05 
6 473 1.38885030971362e-05 
6 336 1.38885030971362e-05 
6 195 1.38885030971362e-05 
6 128 1.38885030971362e-05 
6 1 8.33310185828171e-05 
6 20 6.9442515485681e-05 
6 6 0.000222216049554179 
6 3 0.000194439043359907 
6 144 1.38885030971362e-05 
6 9 0.000277770061942724 
6 219 2.77770061942724e-05 
6 57 1.38885030971362e-05 
6 494 1.38885030971362e-05 
6 212 1.38885030971362e-05 
6 109 4.16655092914086e-05 
6 40 4.16655092914086e-05 
6 38 6.9442515485681e-05 
6 18 0.000124996527874226 
6 21 9.72195216799533e-05 
6 11 0.00018055054026277 
6 202 1.38885030971362e-05 
6 84 2.77770061942724e-05 
6 95 1.38885030971362e-05 
6 71 2.77770061942724e-05 
6 42 2.77770061942724e-05 
6 39 8.33310185828171e-05 
6 306 4.16655092914086e-05 
6 254 1.38885030971362e-05 
6 222 4.16655092914086e-05 
6 45 1.38885030971362e-05 
6 15 0.00018055054026277 
6 66 5.55540123885448e-05 
6 26 8.33310185828171e-05 
6 77 1.38885030971362e-05 
6 150 1.38885030971362e-05 
6 23 8.33310185828171e-05 
6 85 1.38885030971362e-05 
6 29 6.9442515485681e-05 
7 900 5.55540123885448e-05 
7 382 1.38885030971362e-05 
7 90 1.38885030971362e-05 
7 60 1.38885030971362e-05 
7 54 1.38885030971362e-05 
7 52 1.38885030971362e-05 
7 36 8.33310185828171e-05 
7 33 9.72195216799533e-05 
7 272 1.38885030971362e-05 
7 10 0.000305547068136996 
7 34 6.9442515485681e-05 
7 31 1.38885030971362e-05 
7 32 0.00018055054026277 
7 25 2.77770061942724e-05 
7 16 0.000249993055748451 
7 2 0.000194439043359907 
7 622 1.38885030971362e-05 
7 420 4.16655092914086e-05 
7 339 1.38885030971362e-05 
7 147 1.38885030971362e-05 
7 53 4.16655092914086e-05 
7 24 0.000124996527874226 
7 112 1.38885030971362e-05 
7 97 2.77770061942724e-05 
7 62 1.38885030971362e-05 
7 131 1.38885030971362e-05 
7 28 4.16655092914086e-05 
7 4 0.000208327546457043 
7 211 1.38885030971362e-05 
7 44 1.38885030971362e-05 
7 725 1.38885030971362e-05 
7 93 1.38885030971362e-05 
7 14 0.000152773534068498 
7 5 0.00029165856503986 
7 286 1.38885030971362e-05 
7 122 2.77770061942724e-05 
7 94 4.16655092914086e-05 
7 64 4.16655092914086e-05 
7 416 1.38885030971362e-05 
7 310 1.38885030971362e-05 
7 210 4.16655092914086e-05 
7 59 4.16655092914086e-05 
7 48 1.38885030971362e-05 
7 13 0.000249993055748451 
7 374 2.77770061942724e-05 
7 49 2.77770061942724e-05 
7 55 1.38885030971362e-05 
7 30 4.16655092914086e-05 
7 226 1.38885030971362e-05 
7 119 1.38885030971362e-05 
7 69 2.77770061942724e-05 
7 19 0.00011110802477709 
7 184 1.38885030971362e-05 
7 126 2.77770061942724e-05 
7 82 1.38885030971362e-05 
7 8 0.000444432099108358 
7 7 0.000388878086719813 
7 22 0.000152773534068498 
7 735 1.38885030971362e-05 
7 494 1.38885030971362e-05 
7 473 4.16655092914086e-05 
7 306 6.9442515485681e-05 
7 238 1.38885030971362e-05 
7 219 2.77770061942724e-05 
7 212 1.38885030971362e-05 
7 189 2.77770061942724e-05 
7 173 2.77770061942724e-05 
7 150 4.16655092914086e-05 
7 120 1.38885030971362e-05 
7 66 2.77770061942724e-05 
7 26 8.33310185828171e-05 
7 85 1.38885030971362e-05 
7 29 6.9442515485681e-05 
7 23 4.16655092914086e-05 
7 254 1.38885030971362e-05 
7 222 2.77770061942724e-05 
7 129 1.38885030971362e-05 
7 109 4.16655092914086e-05 
7 45 2.77770061942724e-05 
7 42 4.16655092914086e-05 
7 39 4.16655092914086e-05 
7 15 0.000152773534068498 
7 71 4.16655092914086e-05 
7 57 1.38885030971362e-05 
7 21 5.55540123885448e-05 
7 95 1.38885030971362e-05 
7 84 2.77770061942724e-05 
7 11 0.000166662037165634 
7 144 4.16655092914086e-05 
7 3 0.000208327546457043 
7 133 1.38885030971362e-05 
7 9 0.000374989583622677 
7 38 4.16655092914086e-05 
7 18 6.9442515485681e-05 
7 40 6.9442515485681e-05 
7 27 4.16655092914086e-05 
7 1 0.000124996527874226 
7 299 1.38885030971362e-05 
7 87 1.38885030971362e-05 
7 51 1.38885030971362e-05 
7 41 1.38885030971362e-05 
7 20 5.55540123885448e-05 
7 6 0.000416655092914086 
7 108 2.77770061942724e-05 
7 105 0.000138885030971362 
7 35 1.38885030971362e-05 
7 273 1.38885030971362e-05 
7 73 1.38885030971362e-05 
7 47 2.77770061942724e-05 
7 12 0.000152773534068498 
7 704 6.9442515485681e-05 
7 267 2.77770061942724e-05 
7 56 2.77770061942724e-05 
7 37 5.55540123885448e-05 
7 72 2.77770061942724e-05 
7 17 0.000208327546457043 
8 900 6.9442515485681e-05 
8 735 2.77770061942724e-05 
8 725 1.38885030971362e-05 
8 704 9.72195216799533e-05 
8 473 1.38885030971362e-05 
8 416 1.38885030971362e-05 
8 336 1.38885030971362e-05 
8 286 4.16655092914086e-05 
8 267 2.77770061942724e-05 
8 140 1.38885030971362e-05 
8 72 4.16655092914086e-05 
8 78 1.38885030971362e-05 
8 56 2.77770061942724e-05 
8 51 1.38885030971362e-05 
8 12 0.000388878086719813 
8 20 9.72195216799533e-05 
8 6 0.000499986111496903 
8 258 1.38885030971362e-05 
8 173 2.77770061942724e-05 
8 133 1.38885030971362e-05 
8 40 1.38885030971362e-05 
8 38 2.77770061942724e-05 
8 1 2.77770061942724e-05 
8 128 1.38885030971362e-05 
8 27 8.33310185828171e-05 
8 226 2.77770061942724e-05 
8 212 1.38885030971362e-05 
8 169 1.38885030971362e-05 
8 95 2.77770061942724e-05 
8 50 2.77770061942724e-05 
8 85 4.16655092914086e-05 
8 42 1.38885030971362e-05 
8 29 0.000138885030971362 
8 23 8.33310185828171e-05 
8 120 1.38885030971362e-05 
8 19 0.000138885030971362 
8 126 1.38885030971362e-05 
8 82 1.38885030971362e-05 
8 8 0.000666648148662537 
8 98 1.38885030971362e-05 
8 55 2.77770061942724e-05 
8 49 2.77770061942724e-05 
8 48 2.77770061942724e-05 
8 7 0.000444432099108358 
8 139 1.38885030971362e-05 
8 122 1.38885030971362e-05 
8 59 5.55540123885448e-05 
8 13 0.000263881558845588 
8 14 0.000263881558845588 
8 622 1.38885030971362e-05 
8 112 2.77770061942724e-05 
8 65 2.77770061942724e-05 
8 44 1.38885030971362e-05 
8 372 2.77770061942724e-05 
8 365 1.38885030971362e-05 
8 339 1.38885030971362e-05 
8 228 1.38885030971362e-05 
8 201 1.38885030971362e-05 
8 53 5.55540123885448e-05 
8 145 1.38885030971362e-05 
8 62 1.38885030971362e-05 
8 106 1.38885030971362e-05 
8 58 1.38885030971362e-05 
8 138 2.77770061942724e-05 
8 90 1.38885030971362e-05 
8 32 2.77770061942724e-05 
8 25 0.000124996527874226 
8 31 6.9442515485681e-05 
8 10 0.000347212577428405 
8 299 2.77770061942724e-05 
8 176 1.38885030971362e-05 
8 87 1.38885030971362e-05 
8 63 2.77770061942724e-05 
8 113 1.38885030971362e-05 
8 57 1.38885030971362e-05 
8 37 8.33310185828171e-05 
8 88 2.77770061942724e-05 
8 17 0.000249993055748451 
8 73 2.77770061942724e-05 
8 43 1.38885030971362e-05 
8 118 8.33310185828171e-05 
8 105 6.9442515485681e-05 
8 41 4.16655092914086e-05 
8 35 2.77770061942724e-05 
8 18 0.000208327546457043 
8 306 1.38885030971362e-05 
8 222 2.77770061942724e-05 
8 202 1.38885030971362e-05 
8 189 2.77770061942724e-05 
8 144 1.38885030971362e-05 
8 84 2.77770061942724e-05 
8 9 0.000374989583622677 
8 3 0.000166662037165634 
8 11 0.000305547068136996 
8 109 6.9442515485681e-05 
8 21 0.000124996527874226 
8 45 2.77770061942724e-05 
8 15 0.000208327546457043 
8 150 2.77770061942724e-05 
8 77 2.77770061942724e-05 
8 39 4.16655092914086e-05 
8 420 4.16655092914086e-05 
8 210 4.16655092914086e-05 
8 184 1.38885030971362e-05 
8 92 2.77770061942724e-05 
8 69 1.38885030971362e-05 
8 66 2.77770061942724e-05 
8 30 4.16655092914086e-05 
8 26 6.9442515485681e-05 
8 22 9.72195216799533e-05 
8 146 2.77770061942724e-05 
8 131 1.38885030971362e-05 
8 64 2.77770061942724e-05 
8 117 2.77770061942724e-05 
8 94 4.16655092914086e-05 
8 28 5.55540123885448e-05 
8 4 0.000305547068136996 
8 170 8.33310185828171e-05 
8 97 5.55540123885448e-05 
8 54 1.38885030971362e-05 
8 24 8.33310185828171e-05 
8 16 0.000138885030971362 
8 5 0.000416655092914086 
8 2 0.000152773534068498 
8 632 2.77770061942724e-05 
8 315 1.38885030971362e-05 
8 52 1.38885030971362e-05 
8 34 6.9442515485681e-05 
8 382 1.38885030971362e-05 
8 272 2.77770061942724e-05 
8 36 4.16655092914086e-05 
8 33 0.00011110802477709 
9 900 8.33310185828171e-05 
9 632 1.38885030971362e-05 
9 420 2.77770061942724e-05 
9 170 1.38885030971362e-05 
9 138 4.16655092914086e-05 
9 52 1.38885030971362e-05 
9 34 0.00011110802477709 
9 31 1.38885030971362e-05 
9 272 2.77770061942724e-05 
9 10 0.000416655092914086 
9 36 9.72195216799533e-05 
9 33 5.55540123885448e-05 
9 382 2.77770061942724e-05 
9 101 1.38885030971362e-05 
9 372 2.77770061942724e-05 
9 44 6.9442515485681e-05 
9 201 1.38885030971362e-05 
9 5 0.000249993055748451 
9 65 2.77770061942724e-05 
9 28 2.77770061942724e-05 
9 32 0.000138885030971362 
9 16 0.000236104552651315 
9 58 2.77770061942724e-05 
9 25 4.16655092914086e-05 
9 4 0.000208327546457043 
9 97 1.38885030971362e-05 
9 24 0.000124996527874226 
9 339 1.38885030971362e-05 
9 147 1.38885030971362e-05 
9 62 1.38885030971362e-05 
9 53 2.77770061942724e-05 
9 2 0.00018055054026277 
9 725 1.38885030971362e-05 
9 286 2.77770061942724e-05 
9 146 6.9442515485681e-05 
9 139 1.38885030971362e-05 
9 90 1.38885030971362e-05 
9 64 4.16655092914086e-05 
9 122 1.38885030971362e-05 
9 94 4.16655092914086e-05 
9 184 1.38885030971362e-05 
9 140 1.38885030971362e-05 
9 117 1.38885030971362e-05 
9 93 1.38885030971362e-05 
9 14 0.000222216049554179 
9 22 6.9442515485681e-05 
9 19 8.33310185828171e-05 
9 8 0.000374989583622677 
9 416 1.38885030971362e-05 
9 226 1.38885030971362e-05 
9 126 2.77770061942724e-05 
9 69 2.77770061942724e-05 
9 30 1.38885030971362e-05 
9 119 1.38885030971362e-05 
9 7 0.000374989583622677 
9 55 2.77770061942724e-05 
9 49 2.77770061942724e-05 
9 59 4.16655092914086e-05 
9 45 4.16655092914086e-05 
9 13 0.000208327546457043 
9 222 6.9442515485681e-05 
9 15 0.000277770061942724 
9 735 1.38885030971362e-05 
9 306 6.9442515485681e-05 
9 254 4.16655092914086e-05 
9 42 4.16655092914086e-05 
9 39 4.16655092914086e-05 
9 150 5.55540123885448e-05 
9 23 9.72195216799533e-05 
9 85 1.38885030971362e-05 
9 29 5.55540123885448e-05 
9 212 2.77770061942724e-05 
9 172 1.38885030971362e-05 
9 66 2.77770061942724e-05 
9 26 0.00011110802477709 
9 40 1.38885030971362e-05 
9 38 2.77770061942724e-05 
9 18 0.00018055054026277 
9 3 0.00011110802477709 
9 202 1.38885030971362e-05 
9 169 1.38885030971362e-05 
9 144 2.77770061942724e-05 
9 57 2.77770061942724e-05 
9 9 0.000499986111496903 
9 11 0.000263881558845588 
9 95 2.77770061942724e-05 
9 84 4.16655092914086e-05 
9 109 1.38885030971362e-05 
9 21 0.000124996527874226 
9 86 1.38885030971362e-05 
9 12 0.00047220910530263 
9 105 6.9442515485681e-05 
9 35 1.38885030971362e-05 
9 118 2.77770061942724e-05 
9 108 1.38885030971362e-05 
9 87 1.38885030971362e-05 
9 336 4.16655092914086e-05 
9 51 4.16655092914086e-05 
9 41 9.72195216799533e-05 
9 20 6.9442515485681e-05 
9 473 1.38885030971362e-05 
9 80 2.77770061942724e-05 
9 27 8.33310185828171e-05 
9 6 0.000277770061942724 
9 238 1.38885030971362e-05 
9 113 1.38885030971362e-05 
9 173 2.77770061942724e-05 
9 1 1.38885030971362e-05 
9 704 6.9442515485681e-05 
9 123 6.9442515485681e-05 
9 72 1.38885030971362e-05 
9 88 2.77770061942724e-05 
9 56 1.38885030971362e-05 
9 43 2.77770061942724e-05 
9 267 2.77770061942724e-05 
9 17 0.00018055054026277 
9 273 1.38885030971362e-05 
9 73 5.55540123885448e-05 
9 47 1.38885030971362e-05 
9 37 5.55540123885448e-05 
9 78 1.38885030971362e-05 
9 68 2.77770061942724e-05 
10 900 6.9442515485681e-05 
10 725 1.38885030971362e-05 
10 473 2.77770061942724e-05 
10 440 4.16655092914086e-05 
10 416 1.38885030971362e-05 
10 372 1.38885030971362e-05 
10 339 2.77770061942724e-05 
10 211 1.38885030971362e-05 
10 138 1.38885030971362e-05 
10 90 1.38885030971362e-05 
10 32 9.72195216799533e-05 
10 25 9.72195216799533e-05 
10 106 4.16655092914086e-05 
10 58 1.38885030971362e-05 
10 62 2.77770061942724e-05 
10 74 1.38885030971362e-05 
10 53 4.16655092914086e-05 
10 65 1.38885030971362e-05 
10 44 1.38885030971362e-05 
10 151 1.38885030971362e-05 
10 10 0.000361101080525541 
10 59 4.16655092914086e-05 
10 48 2.77770061942724e-05 
10 119 4.16655092914086e-05 
10 49 4.16655092914086e-05 
10 13 0.000361101080525541 
10 226 4.16655092914086e-05 
10 82 1.38885030971362e-05 
10 19 0.000152773534068498 
10 7 0.000305547068136996 
10 55 4.16655092914086e-05 
10 14 0.000277770061942724 
10 8 0.000347212577428405 
10 380 1.38885030971362e-05 
10 286 4.16655092914086e-05 
10 220 1.38885030971362e-05 
10 122 2.77770061942724e-05 
10 368 1.38885030971362e-05 
10 267 2.77770061942724e-05 
10 266 1.38885030971362e-05 
10 139 1.38885030971362e-05 
10 83 1.38885030971362e-05 
10 50 2.77770061942724e-05 
10 169 1.38885030971362e-05 
10 40 6.9442515485681e-05 
10 172 1.38885030971362e-05 
10 133 5.55540123885448e-05 
10 120 1.38885030971362e-05 
10 38 2.77770061942724e-05 
10 129 2.77770061942724e-05 
10 85 5.55540123885448e-05 
10 29 8.33310185828171e-05 
10 23 6.9442515485681e-05 
10 78 1.38885030971362e-05 
10 336 5.55540123885448e-05 
10 274 2.77770061942724e-05 
10 203 1.38885030971362e-05 
10 195 2.77770061942724e-05 
10 173 2.77770061942724e-05 
10 170 2.77770061942724e-05 
10 128 1.38885030971362e-05 
10 72 2.77770061942724e-05 
10 27 9.72195216799533e-05 
10 1 8.33310185828171e-05 
10 6 0.000305547068136996 
10 54 4.16655092914086e-05 
10 20 5.55540123885448e-05 
10 12 0.00040276658981695 
10 735 1.38885030971362e-05 
10 704 0.00011110802477709 
10 420 1.38885030971362e-05 
10 306 6.9442515485681e-05 
10 219 4.16655092914086e-05 
10 150 2.77770061942724e-05 
10 107 1.38885030971362e-05 
10 97 1.38885030971362e-05 
10 24 0.00018055054026277 
10 16 0.000249993055748451 
10 2 0.000152773534068498 
10 5 0.000166662037165634 
10 4 0.000152773534068498 
10 60 2.77770061942724e-05 
10 28 4.16655092914086e-05 
10 310 1.38885030971362e-05 
10 272 1.38885030971362e-05 
10 92 1.38885030971362e-05 
10 33 9.72195216799533e-05 
10 36 9.72195216799533e-05 
10 34 8.33310185828171e-05 
10 30 5.55540123885448e-05 
10 22 0.000138885030971362 
10 189 5.55540123885448e-05 
10 146 1.38885030971362e-05 
10 117 2.77770061942724e-05 
10 94 8.33310185828171e-05 
10 46 2.77770061942724e-05 
10 64 6.9442515485681e-05 
10 109 8.33310185828171e-05 
10 21 0.000152773534068498 
10 171 2.77770061942724e-05 
10 144 2.77770061942724e-05 
10 135 1.38885030971362e-05 
10 84 4.16655092914086e-05 
10 11 0.000347212577428405 
10 9 0.000416655092914086 
10 57 2.77770061942724e-05 
10 3 0.000249993055748451 
10 18 0.000208327546457043 
10 66 1.38885030971362e-05 
10 26 9.72195216799533e-05 
10 254 2.77770061942724e-05 
10 222 5.55540123885448e-05 
10 45 5.55540123885448e-05 
10 39 4.16655092914086e-05 
10 88 4.16655092914086e-05 
10 73 4.16655092914086e-05 
10 61 1.38885030971362e-05 
10 47 4.16655092914086e-05 
10 43 1.38885030971362e-05 
10 17 0.000166662037165634 
10 15 0.000416655092914086 
10 238 5.55540123885448e-05 
10 125 4.16655092914086e-05 
10 108 1.38885030971362e-05 
10 80 2.77770061942724e-05 
10 37 2.77770061942724e-05 
10 123 2.77770061942724e-05 
10 113 4.16655092914086e-05 
10 299 1.38885030971362e-05 
10 87 5.55540123885448e-05 
10 176 2.77770061942724e-05 
10 63 2.77770061942724e-05 
10 118 4.16655092914086e-05 
10 105 1.38885030971362e-05 
10 41 1.38885030971362e-05 
10 35 6.9442515485681e-05 
11 900 8.33310185828171e-05 
11 725 1.38885030971362e-05 
11 632 5.55540123885448e-05 
11 382 1.38885030971362e-05 
11 372 1.38885030971362e-05 
11 140 4.16655092914086e-05 
11 101 1.38885030971362e-05 
11 93 1.38885030971362e-05 
11 31 6.9442515485681e-05 
11 14 0.000388878086719813 
11 286 2.77770061942724e-05 
11 139 6.9442515485681e-05 
11 83 1.38885030971362e-05 
11 13 0.00029165856503986 
11 416 1.38885030971362e-05 
11 79 2.77770061942724e-05 
11 59 8.33310185828171e-05 
11 49 5.55540123885448e-05 
11 374 1.38885030971362e-05 
11 55 2.77770061942724e-05 
11 226 2.77770061942724e-05 
11 119 1.38885030971362e-05 
11 10 0.000347212577428405 
11 90 1.38885030971362e-05 
11 75 2.77770061942724e-05 
11 106 1.38885030971362e-05 
11 25 1.38885030971362e-05 
11 58 2.77770061942724e-05 
11 32 0.000152773534068498 
11 147 5.55540123885448e-05 
11 138 2.77770061942724e-05 
11 62 4.16655092914086e-05 
11 53 2.77770061942724e-05 
11 145 2.77770061942724e-05 
11 112 4.16655092914086e-05 
11 74 4.16655092914086e-05 
11 44 1.38885030971362e-05 
11 440 1.38885030971362e-05 
11 336 8.33310185828171e-05 
11 266 1.38885030971362e-05 
11 212 1.38885030971362e-05 
11 172 1.38885030971362e-05 
11 169 1.38885030971362e-05 
11 133 1.38885030971362e-05 
11 126 1.38885030971362e-05 
11 95 1.38885030971362e-05 
11 86 1.38885030971362e-05 
11 42 2.77770061942724e-05 
11 23 0.00011110802477709 
11 38 6.9442515485681e-05 
11 8 0.000305547068136996 
11 85 5.55540123885448e-05 
11 29 8.33310185828171e-05 
11 7 0.000166662037165634 
11 70 1.38885030971362e-05 
11 19 0.000138885030971362 
11 128 6.9442515485681e-05 
11 40 5.55540123885448e-05 
11 173 2.77770061942724e-05 
11 1 6.9442515485681e-05 
11 27 5.55540123885448e-05 
11 6 0.00018055054026277 
11 78 1.38885030971362e-05 
11 68 1.38885030971362e-05 
11 267 8.33310185828171e-05 
11 56 1.38885030971362e-05 
11 51 1.38885030971362e-05 
11 20 8.33310185828171e-05 
11 12 0.000374989583622677 
11 72 1.38885030971362e-05 
11 36 6.9442515485681e-05 
11 33 0.00011110802477709 
11 272 1.38885030971362e-05 
11 34 4.16655092914086e-05 
11 52 1.38885030971362e-05 
11 315 1.38885030971362e-05 
11 54 1.38885030971362e-05 
11 2 0.000138885030971362 
11 170 4.16655092914086e-05 
11 16 0.000305547068136996 
11 420 2.77770061942724e-05 
11 28 2.77770061942724e-05 
11 24 8.33310185828171e-05 
11 4 0.000277770061942724 
11 392 1.38885030971362e-05 
11 146 4.16655092914086e-05 
11 94 4.16655092914086e-05 
11 5 0.000208327546457043 
11 210 2.77770061942724e-05 
11 67 1.38885030971362e-05 
11 64 2.77770061942724e-05 
11 30 5.55540123885448e-05 
11 306 4.16655092914086e-05 
11 184 1.38885030971362e-05 
11 150 2.77770061942724e-05 
11 77 4.16655092914086e-05 
11 39 5.55540123885448e-05 
11 22 6.9442515485681e-05 
11 66 1.38885030971362e-05 
11 26 0.000138885030971362 
11 735 2.77770061942724e-05 
11 254 2.77770061942724e-05 
11 222 1.38885030971362e-05 
11 45 1.38885030971362e-05 
11 15 0.000208327546457043 
11 189 1.38885030971362e-05 
11 21 4.16655092914086e-05 
11 109 1.38885030971362e-05 
11 84 1.38885030971362e-05 
11 238 4.16655092914086e-05 
11 219 1.38885030971362e-05 
11 202 1.38885030971362e-05 
11 18 0.00018055054026277 
11 11 0.000416655092914086 
11 144 1.38885030971362e-05 
11 9 0.000263881558845588 
11 3 0.000166662037165634 
11 176 5.55540123885448e-05 
11 80 2.77770061942724e-05 
11 41 4.16655092914086e-05 
11 299 5.55540123885448e-05 
11 108 4.16655092914086e-05 
11 105 1.38885030971362e-05 
11 63 2.77770061942724e-05 
11 704 6.9442515485681e-05 
11 118 1.38885030971362e-05 
11 43 2.77770061942724e-05 
11 88 2.77770061942724e-05 
11 35 4.16655092914086e-05 
11 73 5.55540123885448e-05 
11 37 2.77770061942724e-05 
11 17 0.000222216049554179 
12 900 8.33310185828171e-05 
12 725 2.77770061942724e-05 
12 632 2.77770061942724e-05 
12 382 4.16655092914086e-05 
12 184 2.77770061942724e-05 
12 146 1.38885030971362e-05 
12 140 5.55540123885448e-05 
12 220 4.16655092914086e-05 
12 93 2.77770061942724e-05 
12 286 8.33310185828171e-05 
12 14 0.000277770061942724 
12 380 1.38885030971362e-05 
12 122 1.38885030971362e-05 
12 139 5.55540123885448e-05 
12 59 5.55540123885448e-05 
12 416 4.16655092914086e-05 
12 49 5.55540123885448e-05 
12 48 4.16655092914086e-05 
12 13 0.000277770061942724 
12 119 1.38885030971362e-05 
12 82 1.38885030971362e-05 
12 70 1.38885030971362e-05 
12 19 0.000138885030971362 
12 226 4.16655092914086e-05 
12 7 0.000152773534068498 
12 126 2.77770061942724e-05 
12 98 4.16655092914086e-05 
12 10 0.00040276658981695 
12 8 0.000388878086719813 
12 149 1.38885030971362e-05 
12 31 8.33310185828171e-05 
12 75 1.38885030971362e-05 
12 32 0.000124996527874226 
12 147 4.16655092914086e-05 
12 145 2.77770061942724e-05 
12 138 5.55540123885448e-05 
12 62 4.16655092914086e-05 
12 58 2.77770061942724e-05 
12 106 2.77770061942724e-05 
12 25 0.000124996527874226 
12 53 2.77770061942724e-05 
12 473 2.77770061942724e-05 
12 339 0.00011110802477709 
12 203 2.77770061942724e-05 
12 44 2.77770061942724e-05 
12 201 2.77770061942724e-05 
12 74 1.38885030971362e-05 
12 112 1.38885030971362e-05 
12 65 1.38885030971362e-05 
12 336 8.33310185828171e-05 
12 173 1.38885030971362e-05 
12 128 2.77770061942724e-05 
12 27 4.16655092914086e-05 
12 20 0.000138885030971362 
12 6 0.000166662037165634 
12 78 1.38885030971362e-05 
12 68 4.16655092914086e-05 
12 51 4.16655092914086e-05 
12 12 0.000416655092914086 
12 440 2.77770061942724e-05 
12 175 1.38885030971362e-05 
12 172 1.38885030971362e-05 
12 72 1.38885030971362e-05 
12 85 2.77770061942724e-05 
12 23 5.55540123885448e-05 
12 42 2.77770061942724e-05 
12 29 6.9442515485681e-05 
12 212 2.77770061942724e-05 
12 169 1.38885030971362e-05 
12 95 1.38885030971362e-05 
12 50 1.38885030971362e-05 
12 133 2.77770061942724e-05 
12 40 2.77770061942724e-05 
12 117 1.38885030971362e-05 
12 38 4.16655092914086e-05 
12 64 2.77770061942724e-05 
12 92 4.16655092914086e-05 
12 67 2.77770061942724e-05 
12 69 2.77770061942724e-05 
12 30 6.9442515485681e-05 
12 36 4.16655092914086e-05 
12 22 0.00011110802477709 
12 54 2.77770061942724e-05 
12 287 1.38885030971362e-05 
12 170 2.77770061942724e-05 
12 33 0.00011110802477709 
12 52 1.38885030971362e-05 
12 34 4.16655092914086e-05 
12 735 2.77770061942724e-05 
12 420 2.77770061942724e-05 
12 299 1.38885030971362e-05 
12 238 6.9442515485681e-05 
12 108 1.38885030971362e-05 
12 107 4.16655092914086e-05 
12 97 2.77770061942724e-05 
12 28 5.55540123885448e-05 
12 24 0.000124996527874226 
12 16 0.000305547068136996 
12 2 0.00018055054026277 
12 5 0.000305547068136996 
12 63 4.16655092914086e-05 
12 4 0.00018055054026277 
12 113 1.38885030971362e-05 
12 87 5.55540123885448e-05 
12 704 5.55540123885448e-05 
12 246 2.77770061942724e-05 
12 43 8.33310185828171e-05 
12 88 5.55540123885448e-05 
12 41 5.55540123885448e-05 
12 118 4.16655092914086e-05 
12 105 1.38885030971362e-05 
12 73 0.00011110802477709 
12 47 2.77770061942724e-05 
12 17 0.000124996527874226 
12 306 5.55540123885448e-05 
12 150 1.38885030971362e-05 
12 123 2.77770061942724e-05 
12 104 1.38885030971362e-05 
12 37 6.9442515485681e-05 
12 26 0.000152773534068498 
12 77 2.77770061942724e-05 
12 39 5.55540123885448e-05 
12 254 5.55540123885448e-05 
12 222 8.33310185828171e-05 
12 45 2.77770061942724e-05 
12 15 0.000277770061942724 
12 189 2.77770061942724e-05 
12 109 1.38885030971362e-05 
12 21 0.00011110802477709 
12 11 0.000374989583622677 
12 219 5.55540123885448e-05 
12 171 1.38885030971362e-05 
12 84 4.16655092914086e-05 
12 71 2.77770061942724e-05 
12 9 0.00047220910530263 
12 3 8.33310185828171e-05 
12 57 1.38885030971362e-05 
12 18 0.000249993055748451 
13 900 0.00011110802477709 
13 735 1.38885030971362e-05 
13 725 1.38885030971362e-05 
13 704 8.33310185828171e-05 
13 622 1.38885030971362e-05 
13 473 2.77770061942724e-05 
13 416 2.77770061942724e-05 
13 414 1.38885030971362e-05 
13 368 1.38885030971362e-05 
13 267 1.38885030971362e-05 
13 266 1.38885030971362e-05 
13 169 1.38885030971362e-05 
13 50 1.38885030971362e-05 
13 38 2.77770061942724e-05 
13 133 5.55540123885448e-05 
13 40 2.77770061942724e-05 
13 223 1.38885030971362e-05 
13 129 4.16655092914086e-05 
13 120 1.38885030971362e-05 
13 42 1.38885030971362e-05 
13 85 6.9442515485681e-05 
13 29 8.33310185828171e-05 
13 23 2.77770061942724e-05 
13 78 2.77770061942724e-05 
13 72 6.9442515485681e-05 
13 68 1.38885030971362e-05 
13 173 5.55540123885448e-05 
13 51 1.38885030971362e-05 
13 12 0.000277770061942724 
13 1 2.77770061942724e-05 
13 27 5.55540123885448e-05 
13 336 0.000124996527874226 
13 20 8.33310185828171e-05 
13 339 2.77770061942724e-05 
13 142 1.38885030971362e-05 
13 53 8.33310185828171e-05 
13 6 0.000249993055748451 
13 147 1.38885030971362e-05 
13 145 2.77770061942724e-05 
13 65 2.77770061942724e-05 
13 62 2.77770061942724e-05 
13 139 4.16655092914086e-05 
13 98 1.38885030971362e-05 
13 59 4.16655092914086e-05 
13 49 2.77770061942724e-05 
13 44 1.38885030971362e-05 
13 201 2.77770061942724e-05 
13 25 9.72195216799533e-05 
13 366 1.38885030971362e-05 
13 138 5.55540123885448e-05 
13 32 5.55540123885448e-05 
13 31 6.9442515485681e-05 
13 372 4.16655092914086e-05 
13 101 1.38885030971362e-05 
13 55 1.38885030971362e-05 
13 10 0.000361101080525541 
13 126 1.38885030971362e-05 
13 82 4.16655092914086e-05 
13 19 6.9442515485681e-05 
13 7 0.000249993055748451 
13 13 0.000388878086719813 
13 8 0.000263881558845588 
13 286 1.38885030971362e-05 
13 220 2.77770061942724e-05 
13 171 1.38885030971362e-05 
13 93 1.38885030971362e-05 
13 140 2.77770061942724e-05 
13 14 0.000222216049554179 
13 3 1.38885030971362e-05 
13 306 2.77770061942724e-05 
13 299 1.38885030971362e-05 
13 254 2.77770061942724e-05 
13 219 1.38885030971362e-05 
13 144 2.77770061942724e-05 
13 18 0.000124996527874226 
13 9 0.000208327546457043 
13 109 5.55540123885448e-05 
13 89 1.38885030971362e-05 
13 202 2.77770061942724e-05 
13 84 2.77770061942724e-05 
13 21 8.33310185828171e-05 
13 11 0.00029165856503986 
13 125 1.38885030971362e-05 
13 77 1.38885030971362e-05 
13 45 1.38885030971362e-05 
13 39 2.77770061942724e-05 
13 15 0.000208327546457043 
13 26 6.9442515485681e-05 
13 108 4.16655092914086e-05 
13 105 5.55540123885448e-05 
13 87 2.77770061942724e-05 
13 63 1.38885030971362e-05 
13 41 8.33310185828171e-05 
13 37 4.16655092914086e-05 
13 88 6.9442515485681e-05 
13 17 0.000208327546457043 
13 365 1.38885030971362e-05 
13 43 5.55540123885448e-05 
13 73 2.77770061942724e-05 
13 47 4.16655092914086e-05 
13 35 5.55540123885448e-05 
13 420 4.16655092914086e-05 
13 399 1.38885030971362e-05 
13 113 2.77770061942724e-05 
13 238 4.16655092914086e-05 
13 168 1.38885030971362e-05 
13 97 1.38885030971362e-05 
13 28 1.38885030971362e-05 
13 24 0.000124996527874226 
13 54 1.38885030971362e-05 
13 5 0.000194439043359907 
13 4 0.000166662037165634 
13 314 1.38885030971362e-05 
13 170 2.77770061942724e-05 
13 16 0.000277770061942724 
13 2 0.000152773534068498 
13 632 8.33310185828171e-05 
13 34 6.9442515485681e-05 
13 382 5.55540123885448e-05 
13 36 2.77770061942724e-05 
13 282 1.38885030971362e-05 
13 272 2.77770061942724e-05 
13 33 8.33310185828171e-05 
13 30 2.77770061942724e-05 
13 210 1.38885030971362e-05 
13 92 4.16655092914086e-05 
13 67 1.38885030971362e-05 
13 22 0.00011110802477709 
13 146 2.77770061942724e-05 
13 64 4.16655092914086e-05 
13 94 2.77770061942724e-05 
14 900 4.16655092914086e-05 
14 632 4.16655092914086e-05 
14 420 1.38885030971362e-05 
14 310 1.38885030971362e-05 
14 287 2.77770061942724e-05 
14 146 4.16655092914086e-05 
14 131 2.77770061942724e-05 
14 117 1.38885030971362e-05 
14 107 2.77770061942724e-05 
14 94 4.16655092914086e-05 
14 46 1.38885030971362e-05 
14 30 6.9442515485681e-05 
14 22 6.9442515485681e-05 
14 67 1.38885030971362e-05 
14 210 2.77770061942724e-05 
14 92 1.38885030971362e-05 
14 34 1.38885030971362e-05 
14 382 5.55540123885448e-05 
14 52 1.38885030971362e-05 
14 60 1.38885030971362e-05 
14 36 1.38885030971362e-05 
14 33 5.55540123885448e-05 
14 24 8.33310185828171e-05 
14 28 1.38885030971362e-05 
14 5 0.000166662037165634 
14 4 8.33310185828171e-05 
14 314 1.38885030971362e-05 
14 170 5.55540123885448e-05 
14 16 0.000277770061942724 
14 2 8.33310185828171e-05 
14 246 2.77770061942724e-05 
14 63 1.38885030971362e-05 
14 108 2.77770061942724e-05 
14 87 5.55540123885448e-05 
14 735 2.77770061942724e-05 
14 105 1.38885030971362e-05 
14 118 1.38885030971362e-05 
14 35 4.16655092914086e-05 
14 238 2.77770061942724e-05 
14 113 1.38885030971362e-05 
14 168 2.77770061942724e-05 
14 37 2.77770061942724e-05 
14 704 4.16655092914086e-05 
14 61 1.38885030971362e-05 
14 88 4.16655092914086e-05 
14 43 2.77770061942724e-05 
14 123 4.16655092914086e-05 
14 17 0.000166662037165634 
14 73 5.55540123885448e-05 
14 39 2.77770061942724e-05 
14 494 2.77770061942724e-05 
14 306 2.77770061942724e-05 
14 254 5.55540123885448e-05 
14 77 2.77770061942724e-05 
14 26 9.72195216799533e-05 
14 15 0.000138885030971362 
14 222 2.77770061942724e-05 
14 45 2.77770061942724e-05 
14 3 0.000124996527874226 
14 189 1.38885030971362e-05 
14 109 2.77770061942724e-05 
14 18 0.000194439043359907 
14 9 0.000222216049554179 
14 21 5.55540123885448e-05 
14 202 1.38885030971362e-05 
14 11 0.000388878086719813 
